#depth	O	O+	O+2	O+3	O+4	O+5	O+6	O+7	O+8	O[1]	O[2]	O[3]
 3.51618e+12	8.31e-10	8.06e-04	4.00e-01	5.36e-01	6.04e-02	2.54e-03	3.12e-05	0.00e+00	0.00e+00	5.03e-10	2.40e-10	8.69e-11
 2.10971e+13	8.47e-10	8.16e-04	4.02e-01	5.35e-01	5.98e-02	2.49e-03	3.05e-05	4.30e-10	0.00e+00	5.13e-10	2.45e-10	8.85e-11
 9.14206e+13	9.01e-10	8.50e-04	4.10e-01	5.29e-01	5.76e-02	2.36e-03	2.81e-05	0.00e+00	0.00e+00	5.46e-10	2.61e-10	9.42e-11
 3.72715e+14	1.15e-09	9.98e-04	4.42e-01	5.06e-01	4.98e-02	1.86e-03	2.03e-05	0.00e+00	0.00e+00	7.00e-10	3.33e-10	1.21e-10
 7.84874e+14	1.55e-09	1.20e-03	4.80e-01	4.77e-01	4.12e-02	1.39e-03	1.34e-05	0.00e+00	0.00e+00	9.49e-10	4.42e-10	1.62e-10
 1.10345e+15	1.93e-09	1.38e-03	5.09e-01	4.53e-01	3.56e-02	1.11e-03	9.81e-06	0.00e+00	0.00e+00	1.18e-09	5.45e-10	2.01e-10
 1.36511e+15	2.33e-09	1.55e-03	5.34e-01	4.32e-01	3.12e-02	9.05e-04	7.44e-06	0.00e+00	0.00e+00	1.43e-09	6.54e-10	2.41e-10
 1.66457e+15	2.89e-09	1.77e-03	5.65e-01	4.06e-01	2.65e-02	7.10e-04	5.35e-06	0.00e+00	0.00e+00	1.78e-09	8.07e-10	2.99e-10
 1.99273e+15	3.61e-09	2.03e-03	5.97e-01	3.78e-01	2.22e-02	5.44e-04	3.74e-06	0.00e+00	0.00e+00	2.23e-09	1.00e-09	3.73e-10
 2.29265e+15	4.40e-09	2.29e-03	6.27e-01	3.52e-01	1.87e-02	4.25e-04	2.68e-06	0.00e+00	0.00e+00	2.73e-09	1.21e-09	4.55e-10
 2.57275e+15	5.31e-09	2.56e-03	6.55e-01	3.27e-01	1.58e-02	3.33e-04	1.94e-06	0.00e+00	0.00e+00	3.30e-09	1.46e-09	5.47e-10
 2.89264e+15	6.61e-09	2.92e-03	6.87e-01	2.97e-01	1.28e-02	2.47e-04	1.31e-06	0.00e+00	0.00e+00	4.12e-09	1.81e-09	6.81e-10
 3.22677e+15	8.16e-09	3.31e-03	7.19e-01	2.67e-01	1.03e-02	1.81e-04	8.76e-07	0.00e+00	0.00e+00	5.11e-09	2.21e-09	8.39e-10
 3.51220e+15	9.74e-09	3.67e-03	7.45e-01	2.43e-01	8.46e-03	1.38e-04	0.00e+00	0.00e+00	0.00e+00	6.11e-09	2.63e-09	9.99e-10
 3.81608e+15	1.19e-08	4.13e-03	7.73e-01	2.16e-01	6.70e-03	1.00e-04	0.00e+00	0.00e+00	0.00e+00	7.48e-09	3.20e-09	1.22e-09
 4.13970e+15	1.45e-08	4.62e-03	8.00e-01	1.90e-01	5.24e-03	7.16e-05	0.00e+00	0.00e+00	0.00e+00	9.12e-09	3.86e-09	1.48e-09
 4.42645e+15	1.71e-08	5.09e-03	8.22e-01	1.69e-01	4.17e-03	5.26e-05	0.00e+00	0.00e+00	0.00e+00	1.08e-08	4.55e-09	1.75e-09
 4.73668e+15	2.08e-08	5.68e-03	8.45e-01	1.46e-01	3.17e-03	3.65e-05	0.00e+00	0.00e+00	0.00e+00	1.32e-08	5.52e-09	2.13e-09
 5.06862e+15	2.52e-08	6.31e-03	8.66e-01	1.25e-01	2.38e-03	2.49e-05	0.00e+00	0.00e+00	0.00e+00	1.60e-08	6.63e-09	2.57e-09
 5.36742e+15	2.98e-08	6.92e-03	8.83e-01	1.08e-01	1.82e-03	1.75e-05	0.00e+00	0.00e+00	0.00e+00	1.89e-08	7.80e-09	3.04e-09
 5.69451e+15	3.61e-08	7.69e-03	9.00e-01	9.08e-02	1.33e-03	1.15e-05	0.00e+00	0.00e+00	0.00e+00	2.30e-08	9.45e-09	3.69e-09
 6.05421e+15	4.38e-08	8.53e-03	9.15e-01	7.53e-02	9.46e-04	7.37e-06	0.00e+00	0.00e+00	0.00e+00	2.79e-08	1.14e-08	4.47e-09
 6.39667e+15	5.24e-08	9.37e-03	9.27e-01	6.28e-02	6.82e-04	4.79e-06	0.00e+00	0.00e+00	0.00e+00	3.35e-08	1.36e-08	5.35e-09
 6.78224e+15	6.46e-08	1.05e-02	9.38e-01	5.09e-02	4.63e-04	2.88e-06	0.00e+00	0.00e+00	0.00e+00	4.13e-08	1.67e-08	6.59e-09
 7.28348e+15	8.37e-08	1.19e-02	9.49e-01	3.87e-02	2.80e-04	1.48e-06	0.00e+00	0.00e+00	0.00e+00	5.36e-08	2.16e-08	8.54e-09
 7.81246e+15	1.06e-07	1.35e-02	9.57e-01	2.96e-02	1.71e-04	7.69e-07	0.00e+00	0.00e+00	0.00e+00	6.80e-08	2.71e-08	1.08e-08
 8.29704e+15	1.31e-07	1.50e-02	9.62e-01	2.32e-02	1.09e-04	0.00e+00	0.00e+00	0.00e+00	0.00e+00	8.41e-08	3.34e-08	1.33e-08
 8.84652e+15	1.66e-07	1.68e-02	9.65e-01	1.76e-02	6.49e-05	0.00e+00	0.00e+00	0.00e+00	0.00e+00	1.07e-07	4.22e-08	1.69e-08
 9.42186e+15	2.05e-07	1.87e-02	9.68e-01	1.36e-02	3.95e-05	0.00e+00	0.00e+00	0.00e+00	0.00e+00	1.32e-07	5.20e-08	2.09e-08
 9.93548e+15	2.46e-07	2.04e-02	9.69e-01	1.08e-02	2.57e-05	0.00e+00	0.00e+00	0.00e+00	0.00e+00	1.59e-07	6.21e-08	2.50e-08
 1.05078e+16	2.99e-07	2.25e-02	9.69e-01	8.47e-03	1.60e-05	0.00e+00	0.00e+00	0.00e+00	0.00e+00	1.93e-07	7.54e-08	3.05e-08
 1.12519e+16	3.76e-07	2.51e-02	9.69e-01	6.27e-03	8.92e-06	0.00e+00	0.00e+00	0.00e+00	0.00e+00	2.43e-07	9.44e-08	3.83e-08
 1.20378e+16	4.61e-07	2.77e-02	9.68e-01	4.73e-03	5.15e-06	0.00e+00	0.00e+00	0.00e+00	0.00e+00	2.99e-07	1.15e-07	4.69e-08
 1.27633e+16	5.44e-07	2.99e-02	9.66e-01	3.72e-03	3.22e-06	0.00e+00	0.00e+00	0.00e+00	0.00e+00	3.54e-07	1.35e-07	5.53e-08
 1.35918e+16	6.37e-07	3.22e-02	9.65e-01	2.88e-03	1.95e-06	0.00e+00	0.00e+00	0.00e+00	0.00e+00	4.15e-07	1.57e-07	6.47e-08
 1.45709e+16	7.39e-07	3.46e-02	9.63e-01	2.22e-03	1.16e-06	0.00e+00	0.00e+00	0.00e+00	0.00e+00	4.84e-07	1.80e-07	7.49e-08
 1.56130e+16	8.25e-07	3.65e-02	9.62e-01	1.76e-03	7.34e-07	0.00e+00	0.00e+00	0.00e+00	0.00e+00	5.43e-07	1.98e-07	8.33e-08
 1.66968e+16	8.71e-07	3.74e-02	9.61e-01	1.45e-03	0.00e+00	0.00e+00	0.00e+00	0.00e+00	0.00e+00	5.78e-07	2.06e-07	8.77e-08
 1.78239e+16	8.96e-07	3.79e-02	9.61e-01	1.23e-03	0.00e+00	0.00e+00	0.00e+00	0.00e+00	0.00e+00	5.99e-07	2.07e-07	8.96e-08
 1.89410e+16	8.83e-07	3.77e-02	9.61e-01	1.09e-03	0.00e+00	0.00e+00	0.00e+00	0.00e+00	0.00e+00	5.96e-07	1.99e-07	8.77e-08
 1.99174e+16	8.60e-07	3.73e-02	9.62e-01	1.01e-03	0.00e+00	0.00e+00	0.00e+00	0.00e+00	0.00e+00	5.86e-07	1.89e-07	8.49e-08
 2.07337e+16	8.25e-07	3.66e-02	9.62e-01	9.56e-04	0.00e+00	0.00e+00	0.00e+00	0.00e+00	0.00e+00	5.67e-07	1.77e-07	8.09e-08
 2.14774e+16	7.84e-07	3.57e-02	9.63e-01	9.24e-04	0.00e+00	0.00e+00	0.00e+00	0.00e+00	0.00e+00	5.42e-07	1.65e-07	7.64e-08
 2.21886e+16	7.41e-07	3.48e-02	9.64e-01	9.01e-04	0.00e+00	0.00e+00	0.00e+00	0.00e+00	0.00e+00	5.17e-07	1.53e-07	7.18e-08
 2.28830e+16	7.00e-07	3.39e-02	9.65e-01	8.85e-04	0.00e+00	0.00e+00	0.00e+00	0.00e+00	0.00e+00	4.91e-07	1.41e-07	6.73e-08
 2.35731e+16	6.61e-07	3.30e-02	9.66e-01	8.72e-04	0.00e+00	0.00e+00	0.00e+00	0.00e+00	0.00e+00	4.67e-07	1.30e-07	6.31e-08
 2.42715e+16	6.28e-07	3.22e-02	9.67e-01	8.60e-04	0.00e+00	0.00e+00	0.00e+00	0.00e+00	0.00e+00	4.47e-07	1.21e-07	5.95e-08
 2.49991e+16	5.92e-07	3.13e-02	9.68e-01	8.52e-04	0.00e+00	0.00e+00	0.00e+00	0.00e+00	0.00e+00	4.25e-07	1.11e-07	5.56e-08
 2.57573e+16	5.70e-07	3.08e-02	9.68e-01	8.37e-04	0.00e+00	0.00e+00	0.00e+00	0.00e+00	0.00e+00	4.12e-07	1.05e-07	5.31e-08
 2.65814e+16	5.49e-07	3.03e-02	9.69e-01	8.21e-04	0.00e+00	0.00e+00	0.00e+00	0.00e+00	0.00e+00	3.99e-07	9.87e-08	5.07e-08
 2.75155e+16	5.41e-07	3.00e-02	9.69e-01	7.95e-04	0.00e+00	0.00e+00	0.00e+00	0.00e+00	0.00e+00	3.96e-07	9.49e-08	4.96e-08
 2.86212e+16	5.46e-07	3.02e-02	9.69e-01	7.56e-04	0.00e+00	0.00e+00	0.00e+00	0.00e+00	0.00e+00	4.03e-07	9.36e-08	4.97e-08
 3.00289e+16	5.82e-07	3.11e-02	9.68e-01	6.94e-04	0.00e+00	0.00e+00	0.00e+00	0.00e+00	0.00e+00	4.32e-07	9.73e-08	5.25e-08
 3.16707e+16	6.77e-07	3.34e-02	9.66e-01	6.07e-04	0.00e+00	0.00e+00	0.00e+00	0.00e+00	0.00e+00	5.06e-07	1.11e-07	6.07e-08
 3.33968e+16	8.22e-07	3.66e-02	9.63e-01	5.19e-04	0.00e+00	0.00e+00	0.00e+00	0.00e+00	0.00e+00	6.15e-07	1.33e-07	7.34e-08
 3.51919e+16	1.03e-06	4.06e-02	9.59e-01	4.35e-04	0.00e+00	0.00e+00	0.00e+00	0.00e+00	0.00e+00	7.73e-07	1.66e-07	9.20e-08
 3.69318e+16	1.30e-06	4.52e-02	9.54e-01	3.65e-04	0.00e+00	0.00e+00	0.00e+00	0.00e+00	0.00e+00	9.74e-07	2.08e-07	1.16e-07
 3.84894e+16	1.61e-06	5.00e-02	9.50e-01	3.10e-04	0.00e+00	0.00e+00	0.00e+00	0.00e+00	0.00e+00	1.21e-06	2.59e-07	1.44e-07
 3.99330e+16	1.98e-06	5.49e-02	9.45e-01	2.65e-04	0.00e+00	0.00e+00	0.00e+00	0.00e+00	0.00e+00	1.48e-06	3.20e-07	1.78e-07
 4.15680e+16	2.56e-06	6.17e-02	9.38e-01	2.18e-04	0.00e+00	0.00e+00	0.00e+00	0.00e+00	0.00e+00	1.91e-06	4.18e-07	2.31e-07
 4.32504e+16	3.29e-06	6.91e-02	9.31e-01	1.80e-04	0.00e+00	0.00e+00	0.00e+00	0.00e+00	0.00e+00	2.45e-06	5.41e-07	2.98e-07
 4.46619e+16	4.07e-06	7.60e-02	9.24e-01	1.52e-04	0.00e+00	0.00e+00	0.00e+00	0.00e+00	0.00e+00	3.02e-06	6.78e-07	3.72e-07
 4.61642e+16	5.25e-06	8.51e-02	9.15e-01	1.25e-04	0.00e+00	0.00e+00	0.00e+00	0.00e+00	0.00e+00	3.87e-06	8.90e-07	4.83e-07
 4.77502e+16	6.69e-06	9.48e-02	9.05e-01	1.03e-04	0.00e+00	0.00e+00	0.00e+00	0.00e+00	0.00e+00	4.92e-06	1.15e-06	6.20e-07
 4.91765e+16	8.41e-06	1.05e-01	8.95e-01	8.59e-05	0.00e+00	0.00e+00	0.00e+00	0.00e+00	0.00e+00	6.15e-06	1.47e-06	7.84e-07
 5.07624e+16	1.11e-05	1.18e-01	8.82e-01	6.89e-05	0.00e+00	0.00e+00	0.00e+00	0.00e+00	0.00e+00	8.03e-06	1.98e-06	1.04e-06
 5.24216e+16	1.43e-05	1.32e-01	8.68e-01	5.54e-05	0.00e+00	0.00e+00	0.00e+00	0.00e+00	0.00e+00	1.03e-05	2.61e-06	1.36e-06
 5.38975e+16	1.81e-05	1.46e-01	8.54e-01	4.51e-05	0.00e+00	0.00e+00	0.00e+00	0.00e+00	0.00e+00	1.30e-05	3.37e-06	1.73e-06
 5.55373e+16	2.42e-05	1.65e-01	8.35e-01	3.51e-05	0.00e+00	0.00e+00	0.00e+00	0.00e+00	0.00e+00	1.73e-05	4.63e-06	2.33e-06
 5.72476e+16	3.14e-05	1.84e-01	8.16e-01	2.76e-05	0.00e+00	0.00e+00	0.00e+00	0.00e+00	0.00e+00	2.22e-05	6.12e-06	3.05e-06
 5.88081e+16	4.00e-05	2.04e-01	7.96e-01	2.19e-05	0.00e+00	0.00e+00	0.00e+00	0.00e+00	0.00e+00	2.81e-05	7.94e-06	3.90e-06
 6.02315e+16	4.94e-05	2.23e-01	7.77e-01	1.78e-05	0.00e+00	0.00e+00	0.00e+00	0.00e+00	0.00e+00	3.46e-05	9.98e-06	4.85e-06
 6.14769e+16	5.96e-05	2.41e-01	7.59e-01	1.47e-05	0.00e+00	0.00e+00	0.00e+00	0.00e+00	0.00e+00	4.15e-05	1.22e-05	5.87e-06
 6.28546e+16	7.43e-05	2.64e-01	7.36e-01	1.18e-05	0.00e+00	0.00e+00	0.00e+00	0.00e+00	0.00e+00	5.14e-05	1.55e-05	7.36e-06
 6.43257e+16	9.17e-05	2.88e-01	7.12e-01	9.40e-06	0.00e+00	0.00e+00	0.00e+00	0.00e+00	0.00e+00	6.32e-05	1.94e-05	9.13e-06
 6.56496e+16	1.11e-04	3.11e-01	6.89e-01	7.64e-06	0.00e+00	0.00e+00	0.00e+00	0.00e+00	0.00e+00	7.60e-05	2.37e-05	1.11e-05
 6.71020e+16	1.38e-04	3.39e-01	6.61e-01	5.98e-06	0.00e+00	0.00e+00	0.00e+00	0.00e+00	0.00e+00	9.41e-05	3.00e-05	1.38e-05
 6.86390e+16	1.70e-04	3.69e-01	6.31e-01	4.68e-06	0.00e+00	0.00e+00	0.00e+00	0.00e+00	0.00e+00	1.15e-04	3.74e-05	1.71e-05
 7.00016e+16	2.04e-04	3.97e-01	6.03e-01	3.76e-06	0.00e+00	0.00e+00	0.00e+00	0.00e+00	0.00e+00	1.38e-04	4.53e-05	2.06e-05
 7.14885e+16	2.52e-04	4.31e-01	5.69e-01	2.90e-06	0.00e+00	0.00e+00	0.00e+00	0.00e+00	0.00e+00	1.70e-04	5.68e-05	2.55e-05
 7.30624e+16	3.11e-04	4.68e-01	5.32e-01	2.22e-06	0.00e+00	0.00e+00	0.00e+00	0.00e+00	0.00e+00	2.09e-04	7.08e-05	3.16e-05
 7.44360e+16	3.73e-04	5.01e-01	4.99e-01	1.76e-06	0.00e+00	0.00e+00	0.00e+00	0.00e+00	0.00e+00	2.49e-04	8.53e-05	3.79e-05
 7.59084e+16	4.60e-04	5.41e-01	4.59e-01	1.33e-06	0.00e+00	0.00e+00	0.00e+00	0.00e+00	0.00e+00	3.07e-04	1.06e-04	4.69e-05
 7.74699e+16	5.69e-04	5.84e-01	4.16e-01	9.99e-07	0.00e+00	0.00e+00	0.00e+00	0.00e+00	0.00e+00	3.78e-04	1.32e-04	5.80e-05
 7.88296e+16	6.89e-04	6.24e-01	3.75e-01	0.00e+00	0.00e+00	0.00e+00	0.00e+00	0.00e+00	0.00e+00	4.58e-04	1.60e-04	7.04e-05
 8.00549e+16	8.24e-04	6.62e-01	3.37e-01	0.00e+00	0.00e+00	0.00e+00	0.00e+00	0.00e+00	0.00e+00	5.47e-04	1.92e-04	8.42e-05
 8.12213e+16	9.81e-04	7.00e-01	2.99e-01	0.00e+00	0.00e+00	0.00e+00	0.00e+00	0.00e+00	0.00e+00	6.51e-04	2.30e-04	1.00e-04
 8.23082e+16	1.16e-03	7.36e-01	2.62e-01	0.00e+00	0.00e+00	0.00e+00	0.00e+00	0.00e+00	0.00e+00	7.72e-04	2.73e-04	1.19e-04
 8.32593e+16	1.36e-03	7.69e-01	2.29e-01	0.00e+00	0.00e+00	0.00e+00	0.00e+00	0.00e+00	0.00e+00	9.00e-04	3.18e-04	1.39e-04
 8.40714e+16	1.56e-03	7.98e-01	2.00e-01	0.00e+00	0.00e+00	0.00e+00	0.00e+00	0.00e+00	0.00e+00	1.03e-03	3.66e-04	1.60e-04
 8.47748e+16	1.77e-03	8.23e-01	1.75e-01	0.00e+00	0.00e+00	0.00e+00	0.00e+00	0.00e+00	0.00e+00	1.17e-03	4.15e-04	1.81e-04
 8.53916e+16	1.98e-03	8.46e-01	1.52e-01	0.00e+00	0.00e+00	0.00e+00	0.00e+00	0.00e+00	0.00e+00	1.31e-03	4.64e-04	2.02e-04
 8.59423e+16	2.21e-03	8.66e-01	1.32e-01	0.00e+00	0.00e+00	0.00e+00	0.00e+00	0.00e+00	0.00e+00	1.46e-03	5.17e-04	2.25e-04
 8.64313e+16	2.43e-03	8.83e-01	1.14e-01	0.00e+00	0.00e+00	0.00e+00	0.00e+00	0.00e+00	0.00e+00	1.62e-03	5.70e-04	2.48e-04
 8.68596e+16	2.66e-03	8.99e-01	9.85e-02	0.00e+00	0.00e+00	0.00e+00	0.00e+00	0.00e+00	0.00e+00	1.77e-03	6.23e-04	2.72e-04
 8.72307e+16	2.88e-03	9.12e-01	8.49e-02	0.00e+00	0.00e+00	0.00e+00	0.00e+00	0.00e+00	0.00e+00	1.91e-03	6.74e-04	2.94e-04
 8.75492e+16	3.10e-03	9.24e-01	7.33e-02	0.00e+00	0.00e+00	0.00e+00	0.00e+00	0.00e+00	0.00e+00	2.06e-03	7.25e-04	3.17e-04
 8.78269e+16	3.31e-03	9.33e-01	6.32e-02	0.00e+00	0.00e+00	0.00e+00	0.00e+00	0.00e+00	0.00e+00	2.20e-03	7.73e-04	3.37e-04
 8.80754e+16	3.50e-03	9.42e-01	5.43e-02	0.00e+00	0.00e+00	0.00e+00	0.00e+00	0.00e+00	0.00e+00	2.33e-03	8.18e-04	3.57e-04
 8.82973e+16	3.71e-03	9.50e-01	4.64e-02	0.00e+00	0.00e+00	0.00e+00	0.00e+00	0.00e+00	0.00e+00	2.46e-03	8.65e-04	3.78e-04
 8.84919e+16	3.88e-03	9.57e-01	3.95e-02	0.00e+00	0.00e+00	0.00e+00	0.00e+00	0.00e+00	0.00e+00	2.58e-03	9.06e-04	3.96e-04
 8.86614e+16	4.07e-03	9.62e-01	3.36e-02	0.00e+00	0.00e+00	0.00e+00	0.00e+00	0.00e+00	0.00e+00	2.70e-03	9.48e-04	4.14e-04
 8.88090e+16	4.22e-03	9.67e-01	2.84e-02	0.00e+00	0.00e+00	0.00e+00	0.00e+00	0.00e+00	0.00e+00	2.81e-03	9.84e-04	4.30e-04
 8.89397e+16	4.36e-03	9.72e-01	2.40e-02	0.00e+00	0.00e+00	0.00e+00	0.00e+00	0.00e+00	0.00e+00	2.90e-03	1.02e-03	4.44e-04
 8.90566e+16	4.50e-03	9.75e-01	2.01e-02	0.00e+00	0.00e+00	0.00e+00	0.00e+00	0.00e+00	0.00e+00	2.99e-03	1.05e-03	4.58e-04
 8.91606e+16	4.63e-03	9.79e-01	1.67e-02	0.00e+00	0.00e+00	0.00e+00	0.00e+00	0.00e+00	0.00e+00	3.08e-03	1.08e-03	4.72e-04
 8.92543e+16	4.75e-03	9.82e-01	1.37e-02	0.00e+00	0.00e+00	0.00e+00	0.00e+00	0.00e+00	0.00e+00	3.16e-03	1.11e-03	4.83e-04
 8.93391e+16	4.86e-03	9.84e-01	1.12e-02	0.00e+00	0.00e+00	0.00e+00	0.00e+00	0.00e+00	0.00e+00	3.23e-03	1.13e-03	4.94e-04
 8.94152e+16	4.95e-03	9.86e-01	9.04e-03	0.00e+00	0.00e+00	0.00e+00	0.00e+00	0.00e+00	0.00e+00	3.29e-03	1.15e-03	5.04e-04
 8.94843e+16	5.04e-03	9.88e-01	7.24e-03	0.00e+00	0.00e+00	0.00e+00	0.00e+00	0.00e+00	0.00e+00	3.35e-03	1.17e-03	5.13e-04
 8.95486e+16	5.11e-03	9.89e-01	5.72e-03	0.00e+00	0.00e+00	0.00e+00	0.00e+00	0.00e+00	0.00e+00	3.40e-03	1.19e-03	5.21e-04
 8.96099e+16	5.18e-03	9.90e-01	4.45e-03	0.00e+00	0.00e+00	0.00e+00	0.00e+00	0.00e+00	0.00e+00	3.44e-03	1.20e-03	5.27e-04
 8.96694e+16	5.24e-03	9.91e-01	3.38e-03	0.00e+00	0.00e+00	0.00e+00	0.00e+00	0.00e+00	0.00e+00	3.49e-03	1.22e-03	5.34e-04
 8.97283e+16	5.30e-03	9.92e-01	2.50e-03	0.00e+00	0.00e+00	0.00e+00	0.00e+00	0.00e+00	0.00e+00	3.53e-03	1.23e-03	5.40e-04
 8.97960e+16	5.37e-03	9.93e-01	1.74e-03	0.00e+00	0.00e+00	0.00e+00	0.00e+00	0.00e+00	0.00e+00	3.57e-03	1.25e-03	5.47e-04
 8.98839e+16	5.44e-03	9.94e-01	1.05e-03	0.00e+00	0.00e+00	0.00e+00	0.00e+00	0.00e+00	0.00e+00	3.62e-03	1.27e-03	5.54e-04
 8.99820e+16	5.55e-03	9.94e-01	5.75e-04	0.00e+00	0.00e+00	0.00e+00	0.00e+00	0.00e+00	0.00e+00	3.69e-03	1.29e-03	5.65e-04
 9.00933e+16	5.68e-03	9.94e-01	2.94e-04	0.00e+00	0.00e+00	0.00e+00	0.00e+00	0.00e+00	0.00e+00	3.78e-03	1.32e-03	5.78e-04
 9.02380e+16	5.86e-03	9.94e-01	1.25e-04	0.00e+00	0.00e+00	0.00e+00	0.00e+00	0.00e+00	0.00e+00	3.90e-03	1.36e-03	5.97e-04
 9.04260e+16	6.14e-03	9.94e-01	4.23e-05	0.00e+00	0.00e+00	0.00e+00	0.00e+00	0.00e+00	0.00e+00	4.09e-03	1.43e-03	6.25e-04
 9.06705e+16	6.54e-03	9.93e-01	1.12e-05	0.00e+00	0.00e+00	0.00e+00	0.00e+00	0.00e+00	0.00e+00	4.36e-03	1.52e-03	6.66e-04
 9.09884e+16	7.14e-03	9.93e-01	2.48e-06	0.00e+00	0.00e+00	0.00e+00	0.00e+00	0.00e+00	0.00e+00	4.76e-03	1.66e-03	7.26e-04
 9.14016e+16	8.05e-03	9.92e-01	7.27e-07	0.00e+00	0.00e+00	0.00e+00	0.00e+00	0.00e+00	0.00e+00	5.37e-03	1.87e-03	8.18e-04
 9.19387e+16	9.54e-03	9.90e-01	4.55e-07	0.00e+00	0.00e+00	0.00e+00	0.00e+00	0.00e+00	0.00e+00	6.36e-03	2.21e-03	9.69e-04
 9.24953e+16	1.17e-02	9.88e-01	3.96e-07	0.00e+00	0.00e+00	0.00e+00	0.00e+00	0.00e+00	0.00e+00	7.78e-03	2.70e-03	1.18e-03
 9.29304e+16	1.40e-02	9.86e-01	3.64e-07	0.00e+00	0.00e+00	0.00e+00	0.00e+00	0.00e+00	0.00e+00	9.37e-03	3.24e-03	1.42e-03
 9.32653e+16	1.65e-02	9.83e-01	3.38e-07	0.00e+00	0.00e+00	0.00e+00	0.00e+00	0.00e+00	0.00e+00	1.10e-02	3.81e-03	1.67e-03
 9.35528e+16	1.93e-02	9.81e-01	3.14e-07	0.00e+00	0.00e+00	0.00e+00	0.00e+00	0.00e+00	0.00e+00	1.29e-02	4.44e-03	1.95e-03
 9.38120e+16	2.25e-02	9.78e-01	2.91e-07	0.00e+00	0.00e+00	0.00e+00	0.00e+00	0.00e+00	0.00e+00	1.50e-02	5.18e-03	2.28e-03
 9.40506e+16	2.64e-02	9.74e-01	2.67e-07	0.00e+00	0.00e+00	0.00e+00	0.00e+00	0.00e+00	0.00e+00	1.76e-02	6.08e-03	2.67e-03
 9.42651e+16	3.11e-02	9.69e-01	2.44e-07	0.00e+00	0.00e+00	0.00e+00	0.00e+00	0.00e+00	0.00e+00	2.07e-02	7.15e-03	3.14e-03
 9.44520e+16	3.65e-02	9.64e-01	2.22e-07	0.00e+00	0.00e+00	0.00e+00	0.00e+00	0.00e+00	0.00e+00	2.44e-02	8.39e-03	3.69e-03
 9.46144e+16	4.27e-02	9.57e-01	2.01e-07	0.00e+00	0.00e+00	0.00e+00	0.00e+00	0.00e+00	0.00e+00	2.85e-02	9.80e-03	4.32e-03
 9.47577e+16	4.99e-02	9.50e-01	1.81e-07	0.00e+00	0.00e+00	0.00e+00	0.00e+00	0.00e+00	0.00e+00	3.33e-02	1.14e-02	5.04e-03
 9.48858e+16	5.83e-02	9.42e-01	1.62e-07	0.00e+00	0.00e+00	0.00e+00	0.00e+00	0.00e+00	0.00e+00	3.90e-02	1.34e-02	5.89e-03
 9.50002e+16	6.83e-02	9.32e-01	1.44e-07	0.00e+00	0.00e+00	0.00e+00	0.00e+00	0.00e+00	0.00e+00	4.57e-02	1.57e-02	6.91e-03
 9.51012e+16	8.00e-02	9.20e-01	1.26e-07	0.00e+00	0.00e+00	0.00e+00	0.00e+00	0.00e+00	0.00e+00	5.36e-02	1.83e-02	8.09e-03
 9.51893e+16	9.34e-02	9.07e-01	1.10e-07	0.00e+00	0.00e+00	0.00e+00	0.00e+00	0.00e+00	0.00e+00	6.26e-02	2.14e-02	9.44e-03
 9.52668e+16	1.09e-01	8.91e-01	9.57e-08	0.00e+00	0.00e+00	0.00e+00	0.00e+00	0.00e+00	0.00e+00	7.31e-02	2.49e-02	1.10e-02
 9.53355e+16	1.27e-01	8.73e-01	8.24e-08	0.00e+00	0.00e+00	0.00e+00	0.00e+00	0.00e+00	0.00e+00	8.52e-02	2.90e-02	1.28e-02
 9.53968e+16	1.48e-01	8.52e-01	7.03e-08	0.00e+00	0.00e+00	0.00e+00	0.00e+00	0.00e+00	0.00e+00	9.91e-02	3.36e-02	1.49e-02
 9.54520e+16	1.72e-01	8.28e-01	5.94e-08	0.00e+00	0.00e+00	0.00e+00	0.00e+00	0.00e+00	0.00e+00	1.15e-01	3.90e-02	1.73e-02
 9.55017e+16	2.00e-01	8.00e-01	4.96e-08	0.00e+00	0.00e+00	0.00e+00	0.00e+00	0.00e+00	0.00e+00	1.34e-01	4.52e-02	2.01e-02
 9.55462e+16	2.31e-01	7.69e-01	4.10e-08	0.00e+00	0.00e+00	0.00e+00	0.00e+00	0.00e+00	0.00e+00	1.56e-01	5.22e-02	2.33e-02
 9.55863e+16	2.67e-01	7.33e-01	3.36e-08	0.00e+00	0.00e+00	0.00e+00	0.00e+00	0.00e+00	0.00e+00	1.80e-01	6.01e-02	2.68e-02
 9.56231e+16	3.07e-01	6.93e-01	2.72e-08	0.00e+00	0.00e+00	0.00e+00	0.00e+00	0.00e+00	0.00e+00	2.07e-01	6.87e-02	3.08e-02
 9.56553e+16	3.49e-01	6.51e-01	2.20e-08	0.00e+00	0.00e+00	0.00e+00	0.00e+00	0.00e+00	0.00e+00	2.36e-01	7.77e-02	3.49e-02
 9.56804e+16	3.87e-01	6.13e-01	1.82e-08	0.00e+00	0.00e+00	0.00e+00	0.00e+00	0.00e+00	0.00e+00	2.63e-01	8.59e-02	3.87e-02
 9.56987e+16	4.19e-01	5.81e-01	1.55e-08	0.00e+00	0.00e+00	0.00e+00	0.00e+00	0.00e+00	0.00e+00	2.84e-01	9.26e-02	4.18e-02
 9.57133e+16	4.45e-01	5.55e-01	1.36e-08	0.00e+00	0.00e+00	0.00e+00	0.00e+00	0.00e+00	0.00e+00	3.03e-01	9.82e-02	4.43e-02
 9.57266e+16	4.70e-01	5.30e-01	1.21e-08	0.00e+00	0.00e+00	0.00e+00	0.00e+00	0.00e+00	0.00e+00	3.20e-01	1.03e-01	4.66e-02
 9.57396e+16	4.94e-01	5.06e-01	1.08e-08	0.00e+00	0.00e+00	0.00e+00	0.00e+00	0.00e+00	0.00e+00	3.37e-01	1.08e-01	4.89e-02
 9.57522e+16	5.18e-01	4.82e-01	9.68e-09	0.00e+00	0.00e+00	0.00e+00	0.00e+00	0.00e+00	0.00e+00	3.54e-01	1.12e-01	5.11e-02
 9.57640e+16	5.40e-01	4.60e-01	8.69e-09	0.00e+00	0.00e+00	0.00e+00	0.00e+00	0.00e+00	0.00e+00	3.70e-01	1.17e-01	5.32e-02
 9.57747e+16	5.61e-01	4.39e-01	7.85e-09	0.00e+00	0.00e+00	0.00e+00	0.00e+00	0.00e+00	0.00e+00	3.85e-01	1.21e-01	5.51e-02
 9.57849e+16	5.80e-01	4.20e-01	7.14e-09	0.00e+00	0.00e+00	0.00e+00	0.00e+00	0.00e+00	0.00e+00	3.99e-01	1.24e-01	5.69e-02
 9.57946e+16	5.99e-01	4.01e-01	6.52e-09	0.00e+00	0.00e+00	0.00e+00	0.00e+00	0.00e+00	0.00e+00	4.13e-01	1.27e-01	5.85e-02
 9.58025e+16	6.13e-01	3.87e-01	6.05e-09	0.00e+00	0.00e+00	0.00e+00	0.00e+00	0.00e+00	0.00e+00	4.23e-01	1.30e-01	5.98e-02
 9.58085e+16	6.24e-01	3.76e-01	5.71e-09	0.00e+00	0.00e+00	0.00e+00	0.00e+00	0.00e+00	0.00e+00	4.31e-01	1.32e-01	6.08e-02
 9.58143e+16	6.35e-01	3.65e-01	5.41e-09	0.00e+00	0.00e+00	0.00e+00	0.00e+00	0.00e+00	0.00e+00	4.39e-01	1.34e-01	6.17e-02
 9.58207e+16	6.46e-01	3.54e-01	5.11e-09	0.00e+00	0.00e+00	0.00e+00	0.00e+00	0.00e+00	0.00e+00	4.48e-01	1.35e-01	6.26e-02
 9.58277e+16	6.58e-01	3.42e-01	4.80e-09	0.00e+00	0.00e+00	0.00e+00	0.00e+00	0.00e+00	0.00e+00	4.57e-01	1.37e-01	6.36e-02
 9.58347e+16	6.70e-01	3.30e-01	4.51e-09	0.00e+00	0.00e+00	0.00e+00	0.00e+00	0.00e+00	0.00e+00	4.66e-01	1.39e-01	6.46e-02
 9.58416e+16	6.81e-01	3.19e-01	4.25e-09	0.00e+00	0.00e+00	0.00e+00	0.00e+00	0.00e+00	0.00e+00	4.75e-01	1.41e-01	6.55e-02
 9.58484e+16	6.92e-01	3.08e-01	4.00e-09	0.00e+00	0.00e+00	0.00e+00	0.00e+00	0.00e+00	0.00e+00	4.83e-01	1.42e-01	6.63e-02
 9.58553e+16	7.03e-01	2.97e-01	3.77e-09	0.00e+00	0.00e+00	0.00e+00	0.00e+00	0.00e+00	0.00e+00	4.92e-01	1.44e-01	6.72e-02
 9.58622e+16	7.13e-01	2.87e-01	3.55e-09	0.00e+00	0.00e+00	0.00e+00	0.00e+00	0.00e+00	0.00e+00	5.00e-01	1.45e-01	6.80e-02
 9.58693e+16	7.23e-01	2.77e-01	3.35e-09	0.00e+00	0.00e+00	0.00e+00	0.00e+00	0.00e+00	0.00e+00	5.08e-01	1.46e-01	6.87e-02
 9.58764e+16	7.34e-01	2.66e-01	3.15e-09	0.00e+00	0.00e+00	0.00e+00	0.00e+00	0.00e+00	0.00e+00	5.17e-01	1.47e-01	6.95e-02
 9.58836e+16	7.44e-01	2.56e-01	2.97e-09	0.00e+00	0.00e+00	0.00e+00	0.00e+00	0.00e+00	0.00e+00	5.25e-01	1.49e-01	7.02e-02
 9.58908e+16	7.53e-01	2.47e-01	2.80e-09	0.00e+00	0.00e+00	0.00e+00	0.00e+00	0.00e+00	0.00e+00	5.33e-01	1.50e-01	7.08e-02
 9.58981e+16	7.62e-01	2.38e-01	2.64e-09	0.00e+00	0.00e+00	0.00e+00	0.00e+00	0.00e+00	0.00e+00	5.40e-01	1.51e-01	7.14e-02
 9.59055e+16	7.71e-01	2.29e-01	2.49e-09	0.00e+00	0.00e+00	0.00e+00	0.00e+00	0.00e+00	0.00e+00	5.48e-01	1.51e-01	7.20e-02
 9.59130e+16	7.80e-01	2.20e-01	2.35e-09	0.00e+00	0.00e+00	0.00e+00	0.00e+00	0.00e+00	0.00e+00	5.55e-01	1.52e-01	7.25e-02
 9.59207e+16	7.89e-01	2.11e-01	2.22e-09	0.00e+00	0.00e+00	0.00e+00	0.00e+00	0.00e+00	0.00e+00	5.63e-01	1.53e-01	7.30e-02
 9.59284e+16	7.97e-01	2.03e-01	2.09e-09	0.00e+00	0.00e+00	0.00e+00	0.00e+00	0.00e+00	0.00e+00	5.70e-01	1.54e-01	7.35e-02
 9.59361e+16	8.05e-01	1.95e-01	1.98e-09	0.00e+00	0.00e+00	0.00e+00	0.00e+00	0.00e+00	0.00e+00	5.77e-01	1.54e-01	7.39e-02
 9.59439e+16	8.13e-01	1.87e-01	1.87e-09	0.00e+00	0.00e+00	0.00e+00	0.00e+00	0.00e+00	0.00e+00	5.84e-01	1.55e-01	7.43e-02
 9.59517e+16	8.20e-01	1.80e-01	1.77e-09	0.00e+00	0.00e+00	0.00e+00	0.00e+00	0.00e+00	0.00e+00	5.90e-01	1.55e-01	7.47e-02
 9.59597e+16	8.28e-01	1.72e-01	1.67e-09	0.00e+00	0.00e+00	0.00e+00	0.00e+00	0.00e+00	0.00e+00	5.97e-01	1.55e-01	7.50e-02
 9.59678e+16	8.35e-01	1.65e-01	1.58e-09	0.00e+00	0.00e+00	0.00e+00	0.00e+00	0.00e+00	0.00e+00	6.03e-01	1.56e-01	7.53e-02
 9.59760e+16	8.41e-01	1.59e-01	1.50e-09	0.00e+00	0.00e+00	0.00e+00	0.00e+00	0.00e+00	0.00e+00	6.10e-01	1.56e-01	7.56e-02
 9.59841e+16	8.48e-01	1.52e-01	1.42e-09	0.00e+00	0.00e+00	0.00e+00	0.00e+00	0.00e+00	0.00e+00	6.15e-01	1.56e-01	7.58e-02
 9.59923e+16	8.54e-01	1.46e-01	1.34e-09	0.00e+00	0.00e+00	0.00e+00	0.00e+00	0.00e+00	0.00e+00	6.21e-01	1.56e-01	7.60e-02
 9.60005e+16	8.59e-01	1.41e-01	1.27e-09	0.00e+00	0.00e+00	0.00e+00	0.00e+00	0.00e+00	0.00e+00	6.27e-01	1.56e-01	7.62e-02
 9.60088e+16	8.65e-01	1.35e-01	1.21e-09	0.00e+00	0.00e+00	0.00e+00	0.00e+00	0.00e+00	0.00e+00	6.32e-01	1.56e-01	7.62e-02
 9.60172e+16	8.70e-01	1.30e-01	1.15e-09	0.00e+00	0.00e+00	0.00e+00	0.00e+00	0.00e+00	0.00e+00	6.38e-01	1.57e-01	7.63e-02
 9.60256e+16	8.76e-01	1.24e-01	1.09e-09	0.00e+00	0.00e+00	0.00e+00	0.00e+00	0.00e+00	0.00e+00	6.43e-01	1.56e-01	7.64e-02
 9.60341e+16	8.81e-01	1.19e-01	1.04e-09	0.00e+00	0.00e+00	0.00e+00	0.00e+00	0.00e+00	0.00e+00	6.48e-01	1.56e-01	7.65e-02
 9.60427e+16	8.85e-01	1.15e-01	9.88e-10	0.00e+00	0.00e+00	0.00e+00	0.00e+00	0.00e+00	0.00e+00	6.52e-01	1.56e-01	7.64e-02
 9.60512e+16	8.90e-01	1.10e-01	9.39e-10	0.00e+00	0.00e+00	0.00e+00	0.00e+00	0.00e+00	0.00e+00	6.57e-01	1.56e-01	7.65e-02
 9.60600e+16	8.94e-01	1.06e-01	8.93e-10	0.00e+00	0.00e+00	0.00e+00	0.00e+00	0.00e+00	0.00e+00	6.62e-01	1.56e-01	7.65e-02
 9.60688e+16	8.98e-01	1.02e-01	8.50e-10	0.00e+00	0.00e+00	0.00e+00	0.00e+00	0.00e+00	0.00e+00	6.66e-01	1.56e-01	7.64e-02
 9.60776e+16	9.02e-01	9.75e-02	8.10e-10	0.00e+00	0.00e+00	0.00e+00	0.00e+00	0.00e+00	0.00e+00	6.70e-01	1.56e-01	7.64e-02
 9.60865e+16	9.06e-01	9.37e-02	7.71e-10	0.00e+00	0.00e+00	0.00e+00	0.00e+00	0.00e+00	0.00e+00	6.74e-01	1.56e-01	7.64e-02
 9.60955e+16	9.10e-01	9.00e-02	7.37e-10	0.00e+00	0.00e+00	0.00e+00	0.00e+00	0.00e+00	0.00e+00	6.78e-01	1.56e-01	7.63e-02
 9.61045e+16	9.14e-01	8.64e-02	7.01e-10	0.00e+00	0.00e+00	0.00e+00	0.00e+00	0.00e+00	0.00e+00	6.82e-01	1.55e-01	7.62e-02
 9.61137e+16	9.17e-01	8.30e-02	6.69e-10	0.00e+00	0.00e+00	0.00e+00	0.00e+00	0.00e+00	0.00e+00	6.86e-01	1.55e-01	7.62e-02
 9.61229e+16	9.20e-01	7.98e-02	6.38e-10	0.00e+00	0.00e+00	0.00e+00	0.00e+00	0.00e+00	0.00e+00	6.89e-01	1.55e-01	7.61e-02
 9.61322e+16	9.23e-01	7.66e-02	6.09e-10	0.00e+00	0.00e+00	0.00e+00	0.00e+00	0.00e+00	0.00e+00	6.93e-01	1.55e-01	7.60e-02
 9.61417e+16	9.26e-01	7.36e-02	5.81e-10	0.00e+00	0.00e+00	0.00e+00	0.00e+00	0.00e+00	0.00e+00	6.96e-01	1.55e-01	7.60e-02
 9.61512e+16	9.29e-01	7.07e-02	5.55e-10	0.00e+00	0.00e+00	0.00e+00	0.00e+00	0.00e+00	0.00e+00	6.99e-01	1.54e-01	7.58e-02
 9.61606e+16	9.32e-01	6.79e-02	5.30e-10	0.00e+00	0.00e+00	0.00e+00	0.00e+00	0.00e+00	0.00e+00	7.02e-01	1.54e-01	7.58e-02
 9.61702e+16	9.35e-01	6.52e-02	5.06e-10	0.00e+00	0.00e+00	0.00e+00	0.00e+00	0.00e+00	0.00e+00	7.05e-01	1.54e-01	7.57e-02
 9.61799e+16	9.37e-01	6.27e-02	4.83e-10	0.00e+00	0.00e+00	0.00e+00	0.00e+00	0.00e+00	0.00e+00	7.08e-01	1.54e-01	7.56e-02
 9.61897e+16	9.40e-01	6.02e-02	4.62e-10	0.00e+00	0.00e+00	0.00e+00	0.00e+00	0.00e+00	0.00e+00	7.10e-01	1.54e-01	7.55e-02
 9.61995e+16	9.42e-01	5.78e-02	4.41e-10	0.00e+00	0.00e+00	0.00e+00	0.00e+00	0.00e+00	0.00e+00	7.13e-01	1.54e-01	7.54e-02
 9.62095e+16	9.45e-01	5.55e-02	4.21e-10	0.00e+00	0.00e+00	0.00e+00	0.00e+00	0.00e+00	0.00e+00	7.16e-01	1.54e-01	7.53e-02
 9.62195e+16	9.47e-01	5.33e-02	4.02e-10	0.00e+00	0.00e+00	0.00e+00	0.00e+00	0.00e+00	0.00e+00	7.18e-01	1.54e-01	7.52e-02
 9.62295e+16	9.49e-01	5.13e-02	3.85e-10	0.00e+00	0.00e+00	0.00e+00	0.00e+00	0.00e+00	0.00e+00	7.20e-01	1.53e-01	7.51e-02
 9.62395e+16	9.51e-01	4.92e-02	3.68e-10	0.00e+00	0.00e+00	0.00e+00	0.00e+00	0.00e+00	0.00e+00	7.23e-01	1.53e-01	7.50e-02
 9.62498e+16	9.53e-01	4.72e-02	3.52e-10	0.00e+00	0.00e+00	0.00e+00	0.00e+00	0.00e+00	0.00e+00	7.25e-01	1.53e-01	7.49e-02
 9.62601e+16	9.55e-01	4.54e-02	3.36e-10	0.00e+00	0.00e+00	0.00e+00	0.00e+00	0.00e+00	0.00e+00	7.27e-01	1.53e-01	7.49e-02
 9.62703e+16	9.56e-01	4.36e-02	3.22e-10	0.00e+00	0.00e+00	0.00e+00	0.00e+00	0.00e+00	0.00e+00	7.29e-01	1.53e-01	7.47e-02
 9.62806e+16	9.58e-01	4.18e-02	3.08e-10	0.00e+00	0.00e+00	0.00e+00	0.00e+00	0.00e+00	0.00e+00	7.30e-01	1.53e-01	7.47e-02
 9.62911e+16	9.60e-01	4.02e-02	2.94e-10	0.00e+00	0.00e+00	0.00e+00	0.00e+00	0.00e+00	0.00e+00	7.32e-01	1.53e-01	7.46e-02
 9.63016e+16	9.61e-01	3.86e-02	2.81e-10	0.00e+00	0.00e+00	0.00e+00	0.00e+00	0.00e+00	0.00e+00	7.34e-01	1.53e-01	7.45e-02
 9.63121e+16	9.63e-01	3.70e-02	2.69e-10	0.00e+00	0.00e+00	0.00e+00	0.00e+00	0.00e+00	0.00e+00	7.35e-01	1.53e-01	7.45e-02
 9.63226e+16	9.64e-01	3.56e-02	2.57e-10	0.00e+00	0.00e+00	0.00e+00	0.00e+00	0.00e+00	0.00e+00	7.37e-01	1.53e-01	7.44e-02
 9.63331e+16	9.66e-01	3.42e-02	2.46e-10	0.00e+00	0.00e+00	0.00e+00	0.00e+00	0.00e+00	0.00e+00	7.38e-01	1.53e-01	7.44e-02
 9.63438e+16	9.67e-01	3.28e-02	2.35e-10	0.00e+00	0.00e+00	0.00e+00	0.00e+00	0.00e+00	0.00e+00	7.40e-01	1.53e-01	7.43e-02
 9.63545e+16	9.69e-01	3.15e-02	2.25e-10	0.00e+00	0.00e+00	0.00e+00	0.00e+00	0.00e+00	0.00e+00	7.41e-01	1.53e-01	7.43e-02
 9.63653e+16	9.70e-01	3.02e-02	2.15e-10	0.00e+00	0.00e+00	0.00e+00	0.00e+00	0.00e+00	0.00e+00	7.42e-01	1.53e-01	7.42e-02
 9.63760e+16	9.71e-01	2.90e-02	2.06e-10	0.00e+00	0.00e+00	0.00e+00	0.00e+00	0.00e+00	0.00e+00	7.43e-01	1.54e-01	7.42e-02
 9.63866e+16	9.72e-01	2.79e-02	1.97e-10	0.00e+00	0.00e+00	0.00e+00	0.00e+00	0.00e+00	0.00e+00	7.44e-01	1.54e-01	7.42e-02
 9.63971e+16	9.73e-01	2.68e-02	1.88e-10	0.00e+00	0.00e+00	0.00e+00	0.00e+00	0.00e+00	0.00e+00	7.45e-01	1.54e-01	7.41e-02
 9.64076e+16	9.74e-01	2.57e-02	1.80e-10	0.00e+00	0.00e+00	0.00e+00	0.00e+00	0.00e+00	0.00e+00	7.46e-01	1.54e-01	7.41e-02
 9.64182e+16	9.75e-01	2.47e-02	1.72e-10	0.00e+00	0.00e+00	0.00e+00	0.00e+00	0.00e+00	0.00e+00	7.47e-01	1.55e-01	7.41e-02
 9.64289e+16	9.76e-01	2.37e-02	1.65e-10	0.00e+00	0.00e+00	0.00e+00	0.00e+00	0.00e+00	0.00e+00	7.47e-01	1.55e-01	7.41e-02
 9.64395e+16	9.77e-01	2.27e-02	1.57e-10	0.00e+00	0.00e+00	0.00e+00	0.00e+00	0.00e+00	0.00e+00	7.48e-01	1.55e-01	7.41e-02
 9.64500e+16	9.78e-01	2.18e-02	1.50e-10	0.00e+00	0.00e+00	0.00e+00	0.00e+00	0.00e+00	0.00e+00	7.49e-01	1.56e-01	7.41e-02
 9.64604e+16	9.79e-01	2.09e-02	1.44e-10	0.00e+00	0.00e+00	0.00e+00	0.00e+00	0.00e+00	0.00e+00	7.49e-01	1.56e-01	7.42e-02
 9.64707e+16	9.80e-01	2.00e-02	1.37e-10	0.00e+00	0.00e+00	0.00e+00	0.00e+00	0.00e+00	0.00e+00	7.49e-01	1.56e-01	7.42e-02
 9.64810e+16	9.81e-01	1.92e-02	1.31e-10	0.00e+00	0.00e+00	0.00e+00	0.00e+00	0.00e+00	0.00e+00	7.50e-01	1.57e-01	7.42e-02
 9.64911e+16	9.82e-01	1.84e-02	1.25e-10	0.00e+00	0.00e+00	0.00e+00	0.00e+00	0.00e+00	0.00e+00	7.50e-01	1.58e-01	7.43e-02
 9.65011e+16	9.82e-01	1.77e-02	1.19e-10	0.00e+00	0.00e+00	0.00e+00	0.00e+00	0.00e+00	0.00e+00	7.50e-01	1.58e-01	7.43e-02
 9.65109e+16	9.83e-01	1.69e-02	1.14e-10	0.00e+00	0.00e+00	0.00e+00	0.00e+00	0.00e+00	0.00e+00	7.50e-01	1.59e-01	7.44e-02
 9.65207e+16	9.84e-01	1.62e-02	1.08e-10	0.00e+00	0.00e+00	0.00e+00	0.00e+00	0.00e+00	0.00e+00	7.50e-01	1.60e-01	7.45e-02
 9.65302e+16	9.84e-01	1.55e-02	1.03e-10	0.00e+00	0.00e+00	0.00e+00	0.00e+00	0.00e+00	0.00e+00	7.50e-01	1.60e-01	7.46e-02
 9.65395e+16	9.85e-01	1.49e-02	9.81e-11	0.00e+00	0.00e+00	0.00e+00	0.00e+00	0.00e+00	0.00e+00	7.49e-01	1.61e-01	7.47e-02
 9.65485e+16	9.86e-01	1.42e-02	9.33e-11	0.00e+00	0.00e+00	0.00e+00	0.00e+00	0.00e+00	0.00e+00	7.49e-01	1.62e-01	7.48e-02
 9.65574e+16	9.86e-01	1.36e-02	8.86e-11	0.00e+00	0.00e+00	0.00e+00	0.00e+00	0.00e+00	0.00e+00	7.48e-01	1.63e-01	7.49e-02
 9.65659e+16	9.87e-01	1.30e-02	8.40e-11	0.00e+00	0.00e+00	0.00e+00	0.00e+00	0.00e+00	0.00e+00	7.48e-01	1.64e-01	7.50e-02
 9.65742e+16	9.88e-01	1.25e-02	7.97e-11	0.00e+00	0.00e+00	0.00e+00	0.00e+00	0.00e+00	0.00e+00	7.47e-01	1.66e-01	7.52e-02
 9.65821e+16	9.88e-01	1.20e-02	7.55e-11	0.00e+00	0.00e+00	0.00e+00	0.00e+00	0.00e+00	0.00e+00	7.46e-01	1.67e-01	7.53e-02
 9.65897e+16	9.89e-01	1.14e-02	7.15e-11	0.00e+00	0.00e+00	0.00e+00	0.00e+00	0.00e+00	0.00e+00	7.45e-01	1.68e-01	7.55e-02
 9.65968e+16	9.89e-01	1.09e-02	6.76e-11	0.00e+00	0.00e+00	0.00e+00	0.00e+00	0.00e+00	0.00e+00	7.44e-01	1.69e-01	7.57e-02
 9.66034e+16	9.90e-01	1.05e-02	6.40e-11	0.00e+00	0.00e+00	0.00e+00	0.00e+00	0.00e+00	0.00e+00	7.43e-01	1.71e-01	7.59e-02
 9.66096e+16	9.90e-01	1.01e-02	6.07e-11	0.00e+00	0.00e+00	0.00e+00	0.00e+00	0.00e+00	0.00e+00	7.42e-01	1.72e-01	7.60e-02
 9.66153e+16	9.90e-01	9.68e-03	5.75e-11	0.00e+00	0.00e+00	0.00e+00	0.00e+00	0.00e+00	0.00e+00	7.40e-01	1.74e-01	7.62e-02
 9.66207e+16	9.91e-01	9.31e-03	5.46e-11	0.00e+00	0.00e+00	0.00e+00	0.00e+00	0.00e+00	0.00e+00	7.39e-01	1.75e-01	7.64e-02
 9.66257e+16	9.91e-01	8.97e-03	5.18e-11	0.00e+00	0.00e+00	0.00e+00	0.00e+00	0.00e+00	0.00e+00	7.38e-01	1.77e-01	7.65e-02
 9.66303e+16	9.91e-01	8.67e-03	4.93e-11	0.00e+00	0.00e+00	0.00e+00	0.00e+00	0.00e+00	0.00e+00	7.37e-01	1.78e-01	7.67e-02
 9.66345e+16	9.92e-01	8.39e-03	4.71e-11	0.00e+00	0.00e+00	0.00e+00	0.00e+00	0.00e+00	0.00e+00	7.35e-01	1.79e-01	7.69e-02
 9.66383e+16	9.92e-01	8.14e-03	4.51e-11	0.00e+00	0.00e+00	0.00e+00	0.00e+00	0.00e+00	0.00e+00	7.34e-01	1.81e-01	7.70e-02
 9.66418e+16	9.92e-01	7.92e-03	4.33e-11	0.00e+00	0.00e+00	0.00e+00	0.00e+00	0.00e+00	0.00e+00	7.33e-01	1.82e-01	7.71e-02
 9.66449e+16	9.92e-01	7.72e-03	4.16e-11	0.00e+00	0.00e+00	0.00e+00	0.00e+00	0.00e+00	0.00e+00	7.32e-01	1.83e-01	7.73e-02
 9.66483e+16	9.92e-01	7.52e-03	4.02e-11	0.00e+00	0.00e+00	0.00e+00	0.00e+00	0.00e+00	0.00e+00	7.32e-01	1.84e-01	7.73e-02
 9.66521e+16	9.93e-01	7.29e-03	3.86e-11	0.00e+00	0.00e+00	0.00e+00	0.00e+00	0.00e+00	0.00e+00	7.31e-01	1.84e-01	7.73e-02
 9.66554e+16	9.93e-01	7.07e-03	3.68e-11	0.00e+00	0.00e+00	0.00e+00	0.00e+00	0.00e+00	0.00e+00	7.30e-01	1.86e-01	7.75e-02
 9.66585e+16	9.93e-01	6.91e-03	3.54e-11	0.00e+00	0.00e+00	0.00e+00	0.00e+00	0.00e+00	0.00e+00	7.29e-01	1.87e-01	7.76e-02
 9.66619e+16	9.93e-01	6.73e-03	3.42e-11	0.00e+00	0.00e+00	0.00e+00	0.00e+00	0.00e+00	0.00e+00	7.28e-01	1.88e-01	7.76e-02
 9.66655e+16	9.93e-01	6.52e-03	3.28e-11	0.00e+00	0.00e+00	0.00e+00	0.00e+00	0.00e+00	0.00e+00	7.28e-01	1.88e-01	7.76e-02
 9.66688e+16	9.94e-01	6.35e-03	3.12e-11	0.00e+00	0.00e+00	0.00e+00	0.00e+00	0.00e+00	0.00e+00	7.26e-01	1.90e-01	7.79e-02
 9.66725e+16	9.94e-01	6.15e-03	3.02e-11	0.00e+00	0.00e+00	0.00e+00	0.00e+00	0.00e+00	0.00e+00	7.26e-01	1.90e-01	7.76e-02
 9.66764e+16	9.94e-01	5.95e-03	2.83e-11	0.00e+00	0.00e+00	0.00e+00	0.00e+00	0.00e+00	0.00e+00	7.24e-01	1.92e-01	7.80e-02
 9.66807e+16	9.94e-01	5.73e-03	2.71e-11	0.00e+00	0.00e+00	0.00e+00	0.00e+00	0.00e+00	0.00e+00	7.24e-01	1.92e-01	7.78e-02
 9.66853e+16	9.94e-01	5.50e-03	2.53e-11	0.00e+00	0.00e+00	0.00e+00	0.00e+00	0.00e+00	0.00e+00	7.22e-01	1.94e-01	7.79e-02
 9.66896e+16	9.95e-01	5.33e-03	2.40e-11	0.00e+00	0.00e+00	0.00e+00	0.00e+00	0.00e+00	0.00e+00	7.21e-01	1.95e-01	7.81e-02
 9.66942e+16	9.95e-01	5.12e-03	2.28e-11	0.00e+00	0.00e+00	0.00e+00	0.00e+00	0.00e+00	0.00e+00	7.21e-01	1.96e-01	7.79e-02
 9.66992e+16	9.95e-01	4.92e-03	2.13e-11	0.00e+00	0.00e+00	0.00e+00	0.00e+00	0.00e+00	0.00e+00	7.19e-01	1.98e-01	7.80e-02
 9.67037e+16	9.95e-01	4.74e-03	2.01e-11	0.00e+00	0.00e+00	0.00e+00	0.00e+00	0.00e+00	0.00e+00	7.19e-01	1.99e-01	7.80e-02
 9.67079e+16	9.95e-01	4.61e-03	1.91e-11	0.00e+00	0.00e+00	0.00e+00	0.00e+00	0.00e+00	0.00e+00	7.17e-01	2.00e-01	7.83e-02
 9.67124e+16	9.96e-01	4.44e-03	1.83e-11	0.00e+00	0.00e+00	0.00e+00	0.00e+00	0.00e+00	0.00e+00	7.18e-01	2.00e-01	7.78e-02
 9.67173e+16	9.96e-01	4.27e-03	1.69e-11	0.00e+00	0.00e+00	0.00e+00	0.00e+00	0.00e+00	0.00e+00	7.15e-01	2.02e-01	7.82e-02
 9.67225e+16	9.96e-01	4.09e-03	1.61e-11	0.00e+00	0.00e+00	0.00e+00	0.00e+00	0.00e+00	0.00e+00	7.16e-01	2.02e-01	7.77e-02
 9.67280e+16	9.96e-01	3.94e-03	1.49e-11	0.00e+00	0.00e+00	0.00e+00	0.00e+00	0.00e+00	0.00e+00	7.13e-01	2.05e-01	7.81e-02
 9.67337e+16	9.96e-01	3.77e-03	1.41e-11	0.00e+00	0.00e+00	0.00e+00	0.00e+00	0.00e+00	0.00e+00	7.15e-01	2.04e-01	7.76e-02
 9.67396e+16	9.96e-01	3.61e-03	1.29e-11	0.00e+00	0.00e+00	0.00e+00	0.00e+00	0.00e+00	0.00e+00	7.12e-01	2.07e-01	7.80e-02
 9.67455e+16	9.97e-01	3.45e-03	1.22e-11	0.00e+00	0.00e+00	0.00e+00	0.00e+00	0.00e+00	0.00e+00	7.13e-01	2.06e-01	7.74e-02
 9.67513e+16	9.97e-01	3.31e-03	1.12e-11	0.00e+00	0.00e+00	0.00e+00	0.00e+00	0.00e+00	0.00e+00	7.10e-01	2.09e-01	7.78e-02
 9.67572e+16	9.97e-01	3.17e-03	1.06e-11	0.00e+00	0.00e+00	0.00e+00	0.00e+00	0.00e+00	0.00e+00	7.11e-01	2.08e-01	7.72e-02
 9.67632e+16	9.97e-01	3.05e-03	9.85e-12	0.00e+00	0.00e+00	0.00e+00	0.00e+00	0.00e+00	0.00e+00	7.09e-01	2.11e-01	7.77e-02
 9.67695e+16	9.97e-01	2.91e-03	9.34e-12	0.00e+00	0.00e+00	0.00e+00	0.00e+00	0.00e+00	0.00e+00	7.11e-01	2.09e-01	7.68e-02
 9.67762e+16	9.97e-01	2.79e-03	8.52e-12	0.00e+00	0.00e+00	0.00e+00	0.00e+00	0.00e+00	0.00e+00	7.08e-01	2.12e-01	7.73e-02
 9.67828e+16	9.97e-01	2.68e-03	8.11e-12	0.00e+00	0.00e+00	0.00e+00	0.00e+00	0.00e+00	0.00e+00	7.09e-01	2.11e-01	7.67e-02
 9.67892e+16	9.97e-01	2.57e-03	7.52e-12	0.00e+00	0.00e+00	0.00e+00	0.00e+00	0.00e+00	0.00e+00	7.07e-01	2.14e-01	7.70e-02
 9.67961e+16	9.98e-01	2.46e-03	7.12e-12	0.00e+00	0.00e+00	0.00e+00	0.00e+00	0.00e+00	0.00e+00	7.08e-01	2.13e-01	7.63e-02
 9.68036e+16	9.98e-01	2.36e-03	6.57e-12	0.00e+00	0.00e+00	0.00e+00	0.00e+00	0.00e+00	0.00e+00	7.06e-01	2.15e-01	7.66e-02
 9.68115e+16	9.98e-01	2.25e-03	6.20e-12	0.00e+00	0.00e+00	0.00e+00	0.00e+00	0.00e+00	0.00e+00	7.08e-01	2.14e-01	7.58e-02
 9.68198e+16	9.98e-01	2.15e-03	5.69e-12	0.00e+00	0.00e+00	0.00e+00	0.00e+00	0.00e+00	0.00e+00	7.06e-01	2.16e-01	7.61e-02
 9.68281e+16	9.98e-01	2.05e-03	5.38e-12	0.00e+00	0.00e+00	0.00e+00	0.00e+00	0.00e+00	0.00e+00	7.07e-01	2.15e-01	7.55e-02
 9.68364e+16	9.98e-01	1.97e-03	5.00e-12	0.00e+00	0.00e+00	0.00e+00	0.00e+00	0.00e+00	0.00e+00	7.06e-01	2.17e-01	7.56e-02
 9.68453e+16	9.98e-01	1.89e-03	4.75e-12	0.00e+00	0.00e+00	0.00e+00	0.00e+00	0.00e+00	0.00e+00	7.08e-01	2.15e-01	7.49e-02
 9.68546e+16	9.98e-01	1.81e-03	4.43e-12	0.00e+00	0.00e+00	0.00e+00	0.00e+00	0.00e+00	0.00e+00	7.07e-01	2.16e-01	7.50e-02
 9.68647e+16	9.98e-01	1.72e-03	4.18e-12	0.00e+00	0.00e+00	0.00e+00	0.00e+00	0.00e+00	0.00e+00	7.10e-01	2.14e-01	7.40e-02
 9.68755e+16	9.98e-01	1.64e-03	3.83e-12	0.00e+00	0.00e+00	0.00e+00	0.00e+00	0.00e+00	0.00e+00	7.08e-01	2.16e-01	7.42e-02
 9.68862e+16	9.98e-01	1.56e-03	3.61e-12	0.00e+00	0.00e+00	0.00e+00	0.00e+00	0.00e+00	0.00e+00	7.11e-01	2.14e-01	7.35e-02
 9.68967e+16	9.99e-01	1.49e-03	3.34e-12	0.00e+00	0.00e+00	0.00e+00	0.00e+00	0.00e+00	0.00e+00	7.09e-01	2.16e-01	7.36e-02
 9.69078e+16	9.99e-01	1.42e-03	3.15e-12	0.00e+00	0.00e+00	0.00e+00	0.00e+00	0.00e+00	0.00e+00	7.12e-01	2.14e-01	7.28e-02
 9.69192e+16	9.99e-01	1.35e-03	2.91e-12	0.00e+00	0.00e+00	0.00e+00	0.00e+00	0.00e+00	0.00e+00	7.11e-01	2.15e-01	7.29e-02
 9.69309e+16	9.99e-01	1.28e-03	2.74e-12	0.00e+00	0.00e+00	0.00e+00	0.00e+00	0.00e+00	0.00e+00	7.14e-01	2.13e-01	7.20e-02
 9.69429e+16	9.99e-01	1.22e-03	2.53e-12	0.00e+00	0.00e+00	0.00e+00	0.00e+00	0.00e+00	0.00e+00	7.12e-01	2.15e-01	7.22e-02
 9.69550e+16	9.99e-01	1.16e-03	2.40e-12	0.00e+00	0.00e+00	0.00e+00	0.00e+00	0.00e+00	0.00e+00	7.15e-01	2.13e-01	7.13e-02
 9.69673e+16	9.99e-01	1.10e-03	2.21e-12	0.00e+00	0.00e+00	0.00e+00	0.00e+00	0.00e+00	0.00e+00	7.14e-01	2.14e-01	7.13e-02
 9.69794e+16	9.99e-01	1.05e-03	2.10e-12	0.00e+00	0.00e+00	0.00e+00	0.00e+00	0.00e+00	0.00e+00	7.16e-01	2.13e-01	7.06e-02
 9.69913e+16	9.99e-01	1.01e-03	1.96e-12	0.00e+00	0.00e+00	0.00e+00	0.00e+00	0.00e+00	0.00e+00	7.15e-01	2.14e-01	7.05e-02
 9.70030e+16	9.99e-01	9.70e-04	1.87e-12	0.00e+00	0.00e+00	0.00e+00	0.00e+00	0.00e+00	0.00e+00	7.16e-01	2.13e-01	7.00e-02
 9.70149e+16	9.99e-01	9.34e-04	1.77e-12	0.00e+00	0.00e+00	0.00e+00	0.00e+00	0.00e+00	0.00e+00	7.16e-01	2.13e-01	6.99e-02
 9.70267e+16	9.99e-01	8.97e-04	1.69e-12	0.00e+00	0.00e+00	0.00e+00	0.00e+00	0.00e+00	0.00e+00	7.18e-01	2.12e-01	6.93e-02
 9.70379e+16	9.99e-01	8.65e-04	1.60e-12	0.00e+00	0.00e+00	0.00e+00	0.00e+00	0.00e+00	0.00e+00	7.17e-01	2.12e-01	6.92e-02
 9.70489e+16	9.99e-01	8.40e-04	1.54e-12	0.00e+00	0.00e+00	0.00e+00	0.00e+00	0.00e+00	0.00e+00	7.18e-01	2.12e-01	6.90e-02
 9.70602e+16	9.99e-01	8.09e-04	1.48e-12	0.00e+00	0.00e+00	0.00e+00	0.00e+00	0.00e+00	0.00e+00	7.20e-01	2.11e-01	6.84e-02
 9.70710e+16	9.99e-01	7.85e-04	1.40e-12	0.00e+00	0.00e+00	0.00e+00	0.00e+00	0.00e+00	0.00e+00	7.19e-01	2.12e-01	6.85e-02
 9.70816e+16	9.99e-01	7.66e-04	1.37e-12	0.00e+00	0.00e+00	0.00e+00	0.00e+00	0.00e+00	0.00e+00	7.20e-01	2.11e-01	6.82e-02
 9.70926e+16	9.99e-01	7.47e-04	1.33e-12	0.00e+00	0.00e+00	0.00e+00	0.00e+00	0.00e+00	0.00e+00	7.20e-01	2.11e-01	6.80e-02
 9.71035e+16	9.99e-01	7.25e-04	1.28e-12	0.00e+00	0.00e+00	0.00e+00	0.00e+00	0.00e+00	0.00e+00	7.21e-01	2.10e-01	6.75e-02
 9.71143e+16	9.99e-01	7.05e-04	1.23e-12	0.00e+00	0.00e+00	0.00e+00	0.00e+00	0.00e+00	0.00e+00	7.20e-01	2.11e-01	6.77e-02
 9.71267e+16	9.99e-01	6.88e-04	1.21e-12	0.00e+00	0.00e+00	0.00e+00	0.00e+00	0.00e+00	0.00e+00	7.24e-01	2.09e-01	6.67e-02
 9.71401e+16	9.99e-01	6.65e-04	1.14e-12	0.00e+00	0.00e+00	0.00e+00	0.00e+00	0.00e+00	0.00e+00	7.22e-01	2.10e-01	6.70e-02
 9.71548e+16	9.99e-01	6.47e-04	1.12e-12	0.00e+00	0.00e+00	0.00e+00	0.00e+00	0.00e+00	0.00e+00	7.24e-01	2.09e-01	6.65e-02
 9.71738e+16	9.99e-01	6.25e-04	1.06e-12	0.00e+00	0.00e+00	0.00e+00	0.00e+00	0.00e+00	0.00e+00	7.24e-01	2.09e-01	6.63e-02
 9.71987e+16	9.99e-01	5.97e-04	1.01e-12	0.00e+00	0.00e+00	0.00e+00	0.00e+00	0.00e+00	0.00e+00	7.26e-01	2.08e-01	6.57e-02
 9.72254e+16	9.99e-01	5.69e-04	9.42e-13	0.00e+00	0.00e+00	0.00e+00	0.00e+00	0.00e+00	0.00e+00	7.25e-01	2.09e-01	6.58e-02
 9.72548e+16	9.99e-01	5.45e-04	9.02e-13	0.00e+00	0.00e+00	0.00e+00	0.00e+00	0.00e+00	0.00e+00	7.26e-01	2.08e-01	6.52e-02
 9.72930e+16	9.99e-01	5.19e-04	8.47e-13	0.00e+00	0.00e+00	0.00e+00	0.00e+00	0.00e+00	0.00e+00	7.27e-01	2.08e-01	6.51e-02
 9.73426e+16	1.00e+00	4.88e-04	7.92e-13	0.00e+00	0.00e+00	0.00e+00	0.00e+00	0.00e+00	0.00e+00	7.29e-01	2.06e-01	6.43e-02
 9.73961e+16	1.00e+00	4.58e-04	7.31e-13	0.00e+00	0.00e+00	0.00e+00	0.00e+00	0.00e+00	0.00e+00	7.29e-01	2.07e-01	6.42e-02
 9.74548e+16	1.00e+00	4.32e-04	6.86e-13	0.00e+00	0.00e+00	0.00e+00	0.00e+00	0.00e+00	0.00e+00	7.31e-01	2.05e-01	6.34e-02
 9.75182e+16	1.00e+00	4.08e-04	6.36e-13	0.00e+00	0.00e+00	0.00e+00	0.00e+00	0.00e+00	0.00e+00	7.31e-01	2.06e-01	6.33e-02
