#depth	H  1	H  2	H2
 3.48367e+12	2.85e-06	1.00e+00	2.30e-21
 2.09020e+13	2.87e-06	1.00e+00	2.33e-21
 9.05755e+13	2.93e-06	1.00e+00	2.47e-21
 3.69269e+14	3.20e-06	1.00e+00	3.09e-21
 7.80027e+14	3.58e-06	1.00e+00	4.14e-21
 1.09933e+15	3.88e-06	1.00e+00	5.09e-21
 1.36127e+15	4.16e-06	1.00e+00	6.02e-21
 1.66129e+15	4.52e-06	1.00e+00	7.28e-21
 1.98752e+15	4.92e-06	1.00e+00	8.82e-21
 2.28560e+15	5.31e-06	1.00e+00	1.06e-20
 2.56717e+15	5.71e-06	1.00e+00	1.26e-20
 2.88954e+15	6.24e-06	1.00e+00	1.56e-20
 3.22390e+15	6.77e-06	1.00e+00	1.94e-20
 3.50840e+15	7.27e-06	1.00e+00	2.32e-20
 3.81278e+15	7.90e-06	1.00e+00	2.85e-20
 4.13686e+15	8.55e-06	1.00e+00	3.49e-20
 4.42412e+15	9.18e-06	1.00e+00	4.16e-20
 4.73512e+15	9.98e-06	1.00e+00	5.11e-20
 5.06799e+15	1.08e-05	1.00e+00	6.26e-20
 5.36810e+15	1.16e-05	1.00e+00	7.53e-20
 5.69707e+15	1.27e-05	1.00e+00	9.38e-20
 6.05893e+15	1.38e-05	1.00e+00	1.18e-19
 6.40416e+15	1.50e-05	1.00e+00	1.46e-19
 6.79356e+15	1.65e-05	1.00e+00	1.87e-19
 7.29977e+15	1.87e-05	1.00e+00	2.54e-19
 7.83474e+15	2.08e-05	1.00e+00	3.31e-19
 8.32356e+15	2.30e-05	1.00e+00	4.16e-19
 8.87549e+15	2.57e-05	1.00e+00	5.34e-19
 9.45031e+15	2.83e-05	1.00e+00	6.68e-19
 9.96399e+15	3.08e-05	1.00e+00	8.09e-19
 1.05409e+16	3.38e-05	1.00e+00	1.00e-18
 1.12909e+16	3.76e-05	1.00e+00	1.29e-18
 1.20794e+16	4.11e-05	1.00e+00	1.62e-18
 1.29181e+16	4.49e-05	1.00e+00	2.05e-18
 1.38896e+16	4.85e-05	1.00e+00	2.62e-18
 1.49044e+16	5.15e-05	1.00e+00	3.27e-18
 1.59598e+16	5.36e-05	1.00e+00	3.92e-18
 1.70575e+16	5.46e-05	1.00e+00	4.44e-18
 1.81990e+16	5.45e-05	1.00e+00	4.81e-18
 1.92662e+16	5.40e-05	1.00e+00	5.06e-18
 2.01635e+16	5.30e-05	1.00e+00	5.19e-18
 2.09533e+16	5.18e-05	1.00e+00	5.24e-18
 2.16894e+16	5.04e-05	1.00e+00	5.23e-18
 2.23957e+16	4.91e-05	1.00e+00	5.20e-18
 2.30878e+16	4.77e-05	1.00e+00	5.16e-18
 2.37794e+16	4.64e-05	1.00e+00	5.13e-18
 2.44837e+16	4.52e-05	1.00e+00	5.12e-18
 2.52153e+16	4.41e-05	1.00e+00	5.16e-18
 2.59936e+16	4.32e-05	1.00e+00	5.26e-18
 2.68466e+16	4.26e-05	1.00e+00	5.48e-18
 2.78213e+16	4.24e-05	1.00e+00	5.93e-18
 2.90096e+16	4.29e-05	1.00e+00	6.89e-18
 3.04959e+16	4.48e-05	1.00e+00	8.96e-18
 3.21750e+16	4.83e-05	1.00e+00	1.27e-17
 3.39212e+16	5.32e-05	1.00e+00	1.78e-17
 3.56938e+16	5.92e-05	1.00e+00	2.33e-17
 3.73556e+16	6.56e-05	1.00e+00	2.88e-17
 3.88543e+16	7.23e-05	1.00e+00	3.45e-17
 4.02921e+16	7.96e-05	1.00e+00	4.07e-17
 4.19448e+16	8.98e-05	1.00e+00	5.05e-17
 4.36243e+16	1.00e-04	1.00e+00	6.12e-17
 4.50231e+16	1.11e-04	1.00e+00	7.24e-17
 4.65261e+16	1.24e-04	1.00e+00	8.91e-17
 4.81090e+16	1.39e-04	1.00e+00	1.08e-16
 4.95155e+16	1.53e-04	1.00e+00	1.30e-16
 5.10640e+16	1.73e-04	1.00e+00	1.63e-16
 5.26843e+16	1.94e-04	1.00e+00	2.00e-16
 5.41281e+16	2.15e-04	1.00e+00	2.43e-16
 5.57351e+16	2.43e-04	1.00e+00	3.08e-16
 5.74408e+16	2.73e-04	1.00e+00	3.84e-16
 5.90046e+16	3.04e-04	1.00e+00	4.72e-16
 6.03960e+16	3.33e-04	1.00e+00	5.60e-16
 6.16227e+16	3.61e-04	1.00e+00	6.56e-16
 6.30067e+16	4.00e-04	1.00e+00	7.97e-16
 6.44653e+16	4.38e-04	1.00e+00	9.51e-16
 6.57681e+16	4.76e-04	1.00e+00	1.11e-15
 6.72090e+16	5.27e-04	9.99e-01	1.35e-15
 6.87248e+16	5.78e-04	9.99e-01	1.61e-15
 7.00690e+16	6.29e-04	9.99e-01	1.89e-15
 7.15478e+16	6.98e-04	9.99e-01	2.28e-15
 7.31094e+16	7.71e-04	9.99e-01	2.72e-15
 7.44777e+16	8.45e-04	9.99e-01	3.18e-15
 7.59554e+16	9.44e-04	9.99e-01	3.84e-15
 7.75118e+16	1.06e-03	9.99e-01	4.61e-15
 7.88505e+16	1.17e-03	9.99e-01	5.41e-15
 8.00642e+16	1.30e-03	9.99e-01	6.33e-15
 8.12385e+16	1.44e-03	9.99e-01	7.39e-15
 8.23366e+16	1.61e-03	9.98e-01	8.62e-15
 8.32959e+16	1.78e-03	9.98e-01	9.91e-15
 8.41083e+16	1.95e-03	9.98e-01	1.13e-14
 8.48538e+16	2.13e-03	9.98e-01	1.27e-14
 8.55378e+16	2.33e-03	9.98e-01	1.44e-14
 8.60956e+16	2.53e-03	9.97e-01	1.60e-14
 8.65485e+16	2.71e-03	9.97e-01	1.75e-14
 8.69430e+16	2.88e-03	9.97e-01	1.90e-14
 8.73035e+16	3.06e-03	9.97e-01	2.05e-14
 8.76298e+16	3.24e-03	9.97e-01	2.21e-14
 8.79157e+16	3.41e-03	9.97e-01	2.37e-14
 8.81617e+16	3.58e-03	9.96e-01	2.52e-14
 8.83751e+16	3.73e-03	9.96e-01	2.66e-14
 8.85636e+16	3.87e-03	9.96e-01	2.79e-14
 8.87319e+16	4.01e-03	9.96e-01	2.92e-14
 8.88815e+16	4.14e-03	9.96e-01	3.04e-14
 8.90122e+16	4.25e-03	9.96e-01	3.15e-14
 8.91273e+16	4.36e-03	9.96e-01	3.25e-14
 8.92300e+16	4.45e-03	9.96e-01	3.34e-14
 8.93223e+16	4.54e-03	9.95e-01	3.43e-14
 8.94056e+16	4.62e-03	9.95e-01	3.51e-14
 8.94811e+16	4.69e-03	9.95e-01	3.58e-14
 8.95503e+16	4.75e-03	9.95e-01	3.64e-14
 8.96146e+16	4.80e-03	9.95e-01	3.70e-14
 8.96754e+16	4.85e-03	9.95e-01	3.76e-14
 8.97342e+16	4.90e-03	9.95e-01	3.82e-14
 8.98010e+16	4.95e-03	9.95e-01	3.88e-14
 8.98736e+16	5.00e-03	9.95e-01	3.96e-14
 8.99414e+16	5.06e-03	9.95e-01	4.04e-14
 9.00174e+16	5.13e-03	9.95e-01	4.13e-14
 9.01162e+16	5.23e-03	9.95e-01	4.26e-14
 9.02446e+16	5.38e-03	9.95e-01	4.43e-14
 9.04115e+16	5.60e-03	9.94e-01	4.66e-14
 9.06285e+16	5.92e-03	9.94e-01	4.99e-14
 9.09106e+16	6.39e-03	9.94e-01	5.45e-14
 9.12773e+16	7.08e-03	9.93e-01	6.15e-14
 9.17540e+16	8.20e-03	9.92e-01	7.30e-14
 9.22765e+16	9.83e-03	9.90e-01	9.02e-14
 9.27244e+16	1.18e-02	9.88e-01	1.12e-13
 9.30785e+16	1.39e-02	9.86e-01	1.36e-13
 9.33940e+16	1.64e-02	9.84e-01	1.66e-13
 9.36801e+16	1.95e-02	9.81e-01	2.04e-13
 9.39145e+16	2.29e-02	9.77e-01	2.49e-13
 9.41088e+16	2.66e-02	9.73e-01	3.01e-13
 9.42816e+16	3.09e-02	9.69e-01	3.64e-13
 9.44413e+16	3.62e-02	9.64e-01	4.46e-13
 9.45861e+16	4.25e-02	9.58e-01	5.52e-13
 9.47129e+16	4.98e-02	9.50e-01	6.85e-13
 9.48224e+16	5.83e-02	9.42e-01	8.57e-13
 9.49179e+16	6.81e-02	9.32e-01	1.07e-12
 9.50026e+16	7.96e-02	9.20e-01	1.36e-12
 9.50782e+16	9.30e-02	9.07e-01	1.74e-12
 9.51453e+16	1.09e-01	8.91e-01	2.25e-12
 9.52048e+16	1.27e-01	8.73e-01	2.93e-12
 9.52576e+16	1.48e-01	8.52e-01	3.88e-12
 9.53049e+16	1.73e-01	8.27e-01	5.19e-12
 9.53477e+16	2.01e-01	7.99e-01	7.04e-12
 9.53868e+16	2.34e-01	7.66e-01	9.68e-12
 9.54228e+16	2.71e-01	7.29e-01	1.35e-11
 9.54537e+16	3.10e-01	6.90e-01	1.87e-11
 9.54770e+16	3.45e-01	6.55e-01	2.46e-11
 9.54940e+16	3.73e-01	6.27e-01	3.05e-11
 9.55077e+16	3.98e-01	6.02e-01	3.64e-11
 9.55204e+16	4.21e-01	5.79e-01	4.28e-11
 9.55329e+16	4.44e-01	5.56e-01	5.03e-11
 9.55453e+16	4.68e-01	5.32e-01	5.90e-11
 9.55569e+16	4.90e-01	5.10e-01	6.87e-11
 9.55674e+16	5.11e-01	4.89e-01	7.90e-11
 9.55772e+16	5.31e-01	4.69e-01	9.00e-11
 9.55853e+16	5.46e-01	4.54e-01	9.99e-11
 9.55912e+16	5.58e-01	4.42e-01	1.08e-10
 9.55968e+16	5.69e-01	4.31e-01	1.16e-10
 9.56030e+16	5.82e-01	4.18e-01	1.26e-10
 9.56096e+16	5.93e-01	4.07e-01	1.37e-10
 9.56164e+16	6.05e-01	3.95e-01	1.49e-10
 9.56234e+16	6.19e-01	3.81e-01	1.63e-10
 9.56302e+16	6.30e-01	3.70e-01	1.76e-10
 9.56369e+16	6.42e-01	3.58e-01	1.92e-10
 9.56435e+16	6.54e-01	3.46e-01	2.08e-10
 9.56502e+16	6.66e-01	3.34e-01	2.26e-10
 9.56568e+16	6.77e-01	3.23e-01	2.44e-10
 9.56633e+16	6.87e-01	3.13e-01	2.64e-10
 9.56704e+16	6.98e-01	3.02e-01	2.86e-10
 9.56777e+16	7.08e-01	2.92e-01	3.11e-10
 9.56848e+16	7.19e-01	2.81e-01	3.37e-10
 9.56915e+16	7.28e-01	2.72e-01	3.62e-10
 9.56982e+16	7.38e-01	2.62e-01	3.90e-10
 9.57051e+16	7.46e-01	2.54e-01	4.20e-10
 9.57120e+16	7.56e-01	2.44e-01	4.52e-10
 9.57188e+16	7.63e-01	2.37e-01	4.85e-10
 9.57256e+16	7.72e-01	2.28e-01	5.21e-10
 9.57324e+16	7.79e-01	2.21e-01	5.59e-10
 9.57397e+16	7.88e-01	2.12e-01	6.02e-10
 9.57470e+16	7.95e-01	2.05e-01	6.50e-10
 9.57541e+16	8.03e-01	1.97e-01	6.96e-10
 9.57611e+16	8.09e-01	1.91e-01	7.45e-10
 9.57682e+16	8.16e-01	1.84e-01	7.99e-10
 9.57756e+16	8.22e-01	1.78e-01	8.56e-10
 9.57831e+16	8.29e-01	1.71e-01	9.19e-10
 9.57905e+16	8.35e-01	1.65e-01	9.88e-10
 9.57982e+16	8.42e-01	1.58e-01	1.06e-09
 9.58060e+16	8.47e-01	1.53e-01	1.14e-09
 9.58134e+16	8.53e-01	1.47e-01	1.22e-09
 9.58206e+16	8.58e-01	1.42e-01	1.31e-09
 9.58287e+16	8.63e-01	1.37e-01	1.40e-09
 9.58366e+16	8.68e-01	1.32e-01	1.50e-09
 9.58441e+16	8.73e-01	1.27e-01	1.61e-09
 9.58518e+16	8.78e-01	1.22e-01	1.72e-09
 9.58601e+16	8.82e-01	1.18e-01	1.85e-09
 9.58687e+16	8.86e-01	1.14e-01	1.99e-09
 9.58769e+16	8.91e-01	1.09e-01	2.14e-09
 9.58853e+16	8.95e-01	1.05e-01	2.31e-09
 9.58938e+16	9.00e-01	1.00e-01	2.47e-09
 9.59023e+16	9.03e-01	9.74e-02	2.66e-09
 9.59103e+16	9.07e-01	9.35e-02	2.85e-09
 9.59182e+16	9.10e-01	9.04e-02	3.04e-09
 9.59267e+16	9.13e-01	8.67e-02	3.27e-09
 9.59359e+16	9.16e-01	8.36e-02	3.55e-09
 9.59448e+16	9.20e-01	8.00e-02	3.82e-09
 9.59533e+16	9.23e-01	7.73e-02	4.11e-09
 9.59618e+16	9.26e-01	7.42e-02	4.43e-09
 9.59707e+16	9.28e-01	7.15e-02	4.78e-09
 9.59798e+16	9.32e-01	6.85e-02	5.15e-09
 9.59889e+16	9.34e-01	6.61e-02	5.61e-09
 9.59977e+16	9.37e-01	6.35e-02	6.03e-09
 9.60063e+16	9.39e-01	6.12e-02	6.51e-09
 9.60155e+16	9.41e-01	5.90e-02	7.07e-09
 9.60242e+16	9.43e-01	5.65e-02	7.70e-09
 9.60330e+16	9.45e-01	5.46e-02	8.31e-09
 9.60419e+16	9.48e-01	5.23e-02	9.00e-09
 9.60511e+16	9.50e-01	5.01e-02	9.81e-09
 9.60609e+16	9.52e-01	4.79e-02	1.07e-08
 9.60705e+16	9.54e-01	4.61e-02	1.18e-08
 9.60790e+16	9.56e-01	4.43e-02	1.29e-08
 9.60871e+16	9.57e-01	4.26e-02	1.40e-08
 9.60957e+16	9.59e-01	4.11e-02	1.52e-08
 9.61042e+16	9.61e-01	3.95e-02	1.65e-08
 9.61125e+16	9.62e-01	3.78e-02	1.80e-08
 9.61213e+16	9.64e-01	3.63e-02	1.97e-08
 9.61300e+16	9.65e-01	3.48e-02	2.15e-08
 9.61380e+16	9.67e-01	3.34e-02	2.33e-08
 9.61454e+16	9.68e-01	3.22e-02	2.51e-08
 9.61527e+16	9.69e-01	3.08e-02	2.70e-08
 9.61603e+16	9.70e-01	2.95e-02	2.90e-08
 9.61679e+16	9.72e-01	2.83e-02	3.10e-08
 9.61748e+16	9.73e-01	2.71e-02	3.28e-08
 9.61811e+16	9.74e-01	2.60e-02	3.45e-08
 9.61872e+16	9.75e-01	2.49e-02	3.58e-08
 9.61930e+16	9.76e-01	2.39e-02	3.69e-08
 9.61985e+16	9.77e-01	2.28e-02	3.77e-08
 9.62032e+16	9.78e-01	2.19e-02	3.84e-08
 9.62073e+16	9.79e-01	2.11e-02	3.89e-08
 9.62110e+16	9.80e-01	2.03e-02	3.93e-08
 9.62143e+16	9.80e-01	1.96e-02	3.95e-08
 9.62173e+16	9.81e-01	1.89e-02	3.98e-08
 9.62201e+16	9.82e-01	1.83e-02	4.00e-08
 9.62226e+16	9.82e-01	1.77e-02	4.02e-08
 9.62249e+16	9.83e-01	1.71e-02	4.04e-08
 9.62269e+16	9.83e-01	1.66e-02	4.07e-08
 9.62288e+16	9.84e-01	1.61e-02	4.08e-08
 9.62305e+16	9.84e-01	1.57e-02	4.12e-08
 9.62321e+16	9.85e-01	1.53e-02	4.13e-08
 9.62335e+16	9.85e-01	1.49e-02	4.17e-08
 9.62348e+16	9.85e-01	1.46e-02	4.17e-08
 9.62360e+16	9.86e-01	1.43e-02	4.20e-08
 9.62373e+16	9.86e-01	1.39e-02	4.20e-08
 9.62387e+16	9.86e-01	1.36e-02	4.22e-08
 9.62400e+16	9.87e-01	1.33e-02	4.25e-08
 9.62411e+16	9.87e-01	1.30e-02	4.27e-08
 9.62422e+16	9.87e-01	1.27e-02	4.30e-08
 9.62432e+16	9.88e-01	1.25e-02	4.33e-08
 9.62443e+16	9.88e-01	1.22e-02	4.32e-08
 9.62455e+16	9.88e-01	1.19e-02	4.37e-08
 9.62466e+16	9.88e-01	1.16e-02	4.39e-08
 9.62476e+16	9.89e-01	1.14e-02	4.43e-08
 9.62487e+16	9.89e-01	1.11e-02	4.45e-08
 9.62499e+16	9.89e-01	1.09e-02	4.47e-08
 9.62509e+16	9.89e-01	1.06e-02	4.53e-08
 9.62521e+16	9.90e-01	1.04e-02	4.52e-08
 9.62534e+16	9.90e-01	1.01e-02	4.57e-08
 9.62546e+16	9.90e-01	9.84e-03	4.62e-08
 9.62557e+16	9.90e-01	9.56e-03	4.69e-08
 9.62566e+16	9.91e-01	9.39e-03	4.72e-08
 9.62576e+16	9.91e-01	9.19e-03	4.76e-08
 9.62587e+16	9.91e-01	8.97e-03	4.78e-08
 9.62599e+16	9.91e-01	8.73e-03	4.86e-08
 9.62612e+16	9.91e-01	8.53e-03	4.86e-08
 9.62626e+16	9.92e-01	8.24e-03	4.94e-08
 9.62639e+16	9.92e-01	7.99e-03	5.02e-08
 9.62651e+16	9.92e-01	7.77e-03	5.11e-08
 9.62662e+16	9.92e-01	7.59e-03	5.15e-08
 9.62671e+16	9.93e-01	7.40e-03	5.22e-08
 9.62681e+16	9.93e-01	7.21e-03	5.33e-08
 9.62692e+16	9.93e-01	7.05e-03	5.33e-08
 9.62704e+16	9.93e-01	6.87e-03	5.40e-08
 9.62715e+16	9.93e-01	6.69e-03	5.46e-08
 9.62725e+16	9.93e-01	6.52e-03	5.53e-08
 9.62735e+16	9.94e-01	6.35e-03	5.61e-08
 9.62744e+16	9.94e-01	6.22e-03	5.68e-08
 9.62755e+16	9.94e-01	6.07e-03	5.72e-08
 9.62767e+16	9.94e-01	5.90e-03	5.81e-08
 9.62778e+16	9.94e-01	5.75e-03	5.89e-08
 9.62788e+16	9.94e-01	5.61e-03	5.98e-08
 9.62798e+16	9.95e-01	5.47e-03	6.07e-08
 9.62809e+16	9.95e-01	5.33e-03	6.15e-08
 9.62821e+16	9.95e-01	5.18e-03	6.25e-08
 9.62832e+16	9.95e-01	5.04e-03	6.36e-08
 9.62842e+16	9.95e-01	4.92e-03	6.47e-08
 9.62853e+16	9.95e-01	4.78e-03	6.57e-08
 9.62865e+16	9.95e-01	4.64e-03	6.69e-08
 9.62876e+16	9.95e-01	4.52e-03	6.83e-08
 9.62887e+16	9.96e-01	4.41e-03	6.92e-08
 9.62900e+16	9.96e-01	4.27e-03	7.06e-08
 9.62912e+16	9.96e-01	4.14e-03	7.23e-08
 9.62925e+16	9.96e-01	4.02e-03	7.36e-08
 9.62939e+16	9.96e-01	3.88e-03	7.53e-08
 9.62951e+16	9.96e-01	3.76e-03	7.71e-08
 9.62963e+16	9.96e-01	3.66e-03	7.87e-08
 9.62975e+16	9.96e-01	3.55e-03	8.01e-08
 9.62989e+16	9.97e-01	3.44e-03	8.20e-08
 9.63001e+16	9.97e-01	3.33e-03	8.38e-08
 9.63013e+16	9.97e-01	3.24e-03	8.55e-08
 9.63025e+16	9.97e-01	3.15e-03	8.71e-08
 9.63038e+16	9.97e-01	3.05e-03	8.90e-08
 9.63050e+16	9.97e-01	2.96e-03	9.09e-08
 9.63063e+16	9.97e-01	2.88e-03	9.26e-08
 9.63081e+16	9.97e-01	2.76e-03	9.48e-08
 9.63099e+16	9.97e-01	2.65e-03	9.78e-08
 9.63116e+16	9.97e-01	2.54e-03	1.00e-07
 9.63132e+16	9.98e-01	2.45e-03	1.03e-07
 9.63146e+16	9.98e-01	2.37e-03	1.05e-07
 9.63161e+16	9.98e-01	2.29e-03	1.07e-07
 9.63178e+16	9.98e-01	2.21e-03	1.10e-07
 9.63193e+16	9.98e-01	2.14e-03	1.12e-07
 9.63209e+16	9.98e-01	2.06e-03	1.15e-07
 9.63227e+16	9.98e-01	1.98e-03	1.17e-07
 9.63243e+16	9.98e-01	1.91e-03	1.20e-07
 9.63261e+16	9.98e-01	1.84e-03	1.22e-07
 9.63284e+16	9.98e-01	1.76e-03	1.25e-07
 9.63309e+16	9.98e-01	1.67e-03	1.29e-07
 9.63335e+16	9.98e-01	1.59e-03	1.32e-07
 9.63360e+16	9.98e-01	1.51e-03	1.36e-07
 9.63383e+16	9.99e-01	1.44e-03	1.39e-07
 9.63409e+16	9.99e-01	1.37e-03	1.42e-07
 9.63436e+16	9.99e-01	1.31e-03	1.45e-07
 9.63465e+16	9.99e-01	1.24e-03	1.48e-07
 9.63495e+16	9.99e-01	1.18e-03	1.51e-07
 9.63526e+16	9.99e-01	1.12e-03	1.55e-07
 9.63563e+16	9.99e-01	1.05e-03	1.58e-07
 9.63602e+16	9.99e-01	9.93e-04	1.62e-07
 9.63642e+16	9.99e-01	9.37e-04	1.65e-07
 9.63690e+16	9.99e-01	8.78e-04	1.68e-07
 9.63739e+16	9.99e-01	8.25e-04	1.72e-07
 9.63789e+16	9.99e-01	7.79e-04	1.75e-07
 9.63845e+16	9.99e-01	7.36e-04	1.78e-07
 9.63902e+16	9.99e-01	6.97e-04	1.81e-07
 9.63958e+16	9.99e-01	6.64e-04	1.83e-07
 9.64014e+16	9.99e-01	6.34e-04	1.86e-07
 9.64069e+16	9.99e-01	6.11e-04	1.88e-07
 9.64123e+16	9.99e-01	5.90e-04	1.89e-07
 9.64177e+16	9.99e-01	5.71e-04	1.91e-07
 9.64231e+16	9.99e-01	5.55e-04	1.91e-07
 9.64284e+16	9.99e-01	5.40e-04	1.93e-07
 9.64337e+16	9.99e-01	5.28e-04	1.93e-07
 9.64390e+16	9.99e-01	5.16e-04	1.94e-07
 9.64443e+16	9.99e-01	5.04e-04	1.95e-07
 9.64495e+16	1.00e+00	4.94e-04	1.96e-07
 9.64548e+16	1.00e+00	4.84e-04	1.96e-07
 9.64600e+16	1.00e+00	4.75e-04	1.97e-07
 9.64652e+16	1.00e+00	4.68e-04	1.98e-07
 9.64704e+16	1.00e+00	4.60e-04	1.98e-07
 9.64755e+16	1.00e+00	4.53e-04	1.98e-07
 9.64807e+16	1.00e+00	4.46e-04	2.00e-07
 9.64858e+16	1.00e+00	4.40e-04	2.00e-07
 9.64910e+16	1.00e+00	4.33e-04	2.00e-07
 9.64969e+16	1.00e+00	4.28e-04	2.00e-07
 9.65046e+16	1.00e+00	4.20e-04	2.01e-07
 9.65145e+16	1.00e+00	4.09e-04	2.02e-07
 9.65275e+16	1.00e+00	3.98e-04	2.03e-07
 9.65444e+16	1.00e+00	3.86e-04	2.04e-07
 9.65663e+16	1.00e+00	3.71e-04	2.05e-07
 9.65948e+16	1.00e+00	3.55e-04	2.07e-07
 9.66319e+16	1.00e+00	3.39e-04	2.08e-07
 9.66801e+16	1.00e+00	3.21e-04	2.09e-07
 9.67428e+16	1.00e+00	3.01e-04	2.11e-07
 9.68242e+16	1.00e+00	2.81e-04	2.13e-07
 9.69301e+16	1.00e+00	2.60e-04	2.15e-07
 9.70677e+16	1.00e+00	2.37e-04	2.17e-07
 9.72466e+16	1.00e+00	2.13e-04	2.18e-07
 9.74793e+16	1.00e+00	1.88e-04	2.22e-07
 9.77817e+16	1.00e+00	1.65e-04	2.23e-07
 9.81748e+16	1.00e+00	1.43e-04	2.27e-07
 9.86858e+16	1.00e+00	1.22e-04	2.30e-07
 9.93502e+16	1.00e+00	1.03e-04	2.34e-07
 1.00190e+17	1.00e+00	8.55e-05	2.36e-07
 1.01211e+17	1.00e+00	7.07e-05	2.42e-07
 1.02409e+17	1.00e+00	5.87e-05	2.46e-07
 1.03804e+17	1.00e+00	4.86e-05	2.53e-07
 1.05443e+17	1.00e+00	4.00e-05	2.61e-07
 1.07321e+17	1.00e+00	3.27e-05	2.70e-07
