#depth	O  1	O  2	O  3	O  4	O  5	O  6	O  7	O  8	O  9	O1	O1*	O1**
 3.48367e+12	8.26e-10	7.92e-04	3.86e-01	5.50e-01	6.10e-02	2.56e-03	3.16e-05	0.00e+00	0.00e+00	6.32e-10	1.20e-10	7.44e-11
 2.09020e+13	8.39e-10	8.00e-04	3.88e-01	5.48e-01	6.05e-02	2.53e-03	3.10e-05	0.00e+00	0.00e+00	6.42e-10	1.22e-10	7.56e-11
 9.05755e+13	8.93e-10	8.33e-04	3.95e-01	5.43e-01	5.84e-02	2.39e-03	2.86e-05	0.00e+00	0.00e+00	6.82e-10	1.30e-10	8.06e-11
 3.69269e+14	1.14e-09	9.76e-04	4.26e-01	5.21e-01	5.06e-02	1.90e-03	2.08e-05	0.00e+00	0.00e+00	8.69e-10	1.69e-10	1.04e-10
 7.80027e+14	1.54e-09	1.18e-03	4.64e-01	4.92e-01	4.20e-02	1.42e-03	1.38e-05	0.00e+00	0.00e+00	1.17e-09	2.31e-10	1.41e-10
 1.09933e+15	1.92e-09	1.35e-03	4.92e-01	4.69e-01	3.63e-02	1.13e-03	1.01e-05	0.00e+00	0.00e+00	1.46e-09	2.90e-10	1.76e-10
 1.36127e+15	2.32e-09	1.52e-03	5.18e-01	4.48e-01	3.19e-02	9.29e-04	7.68e-06	0.00e+00	0.00e+00	1.75e-09	3.53e-10	2.13e-10
 1.66129e+15	2.89e-09	1.74e-03	5.49e-01	4.21e-01	2.71e-02	7.28e-04	5.50e-06	0.00e+00	0.00e+00	2.18e-09	4.45e-10	2.66e-10
 1.98752e+15	3.61e-09	2.00e-03	5.81e-01	3.93e-01	2.28e-02	5.61e-04	3.88e-06	0.00e+00	0.00e+00	2.71e-09	5.62e-10	3.34e-10
 2.28560e+15	4.40e-09	2.26e-03	6.11e-01	3.67e-01	1.93e-02	4.39e-04	2.79e-06	0.00e+00	0.00e+00	3.30e-09	6.94e-10	4.10e-10
 2.56717e+15	5.32e-09	2.53e-03	6.39e-01	3.41e-01	1.63e-02	3.45e-04	2.02e-06	0.00e+00	0.00e+00	3.98e-09	8.48e-10	4.97e-10
 2.88954e+15	6.67e-09	2.90e-03	6.73e-01	3.11e-01	1.32e-02	2.55e-04	1.36e-06	0.00e+00	0.00e+00	4.96e-09	1.08e-09	6.26e-10
 3.22390e+15	8.22e-09	3.29e-03	7.05e-01	2.81e-01	1.07e-02	1.88e-04	9.15e-07	0.00e+00	0.00e+00	6.10e-09	1.35e-09	7.76e-10
 3.50840e+15	9.82e-09	3.65e-03	7.32e-01	2.56e-01	8.80e-03	1.44e-04	0.00e+00	0.00e+00	0.00e+00	7.26e-09	1.62e-09	9.30e-10
 3.81278e+15	1.20e-08	4.12e-03	7.61e-01	2.28e-01	6.98e-03	1.04e-04	0.00e+00	0.00e+00	0.00e+00	8.87e-09	2.02e-09	1.15e-09
 4.13686e+15	1.46e-08	4.61e-03	7.89e-01	2.01e-01	5.47e-03	7.49e-05	0.00e+00	0.00e+00	0.00e+00	1.07e-08	2.48e-09	1.40e-09
 4.42412e+15	1.74e-08	5.08e-03	8.12e-01	1.79e-01	4.36e-03	5.51e-05	0.00e+00	0.00e+00	0.00e+00	1.27e-08	2.98e-09	1.66e-09
 4.73512e+15	2.11e-08	5.69e-03	8.36e-01	1.55e-01	3.33e-03	3.83e-05	0.00e+00	0.00e+00	0.00e+00	1.54e-08	3.68e-09	2.04e-09
 5.06799e+15	2.56e-08	6.32e-03	8.58e-01	1.33e-01	2.50e-03	2.62e-05	0.00e+00	0.00e+00	0.00e+00	1.86e-08	4.50e-09	2.47e-09
 5.36810e+15	3.03e-08	6.94e-03	8.76e-01	1.15e-01	1.92e-03	1.84e-05	0.00e+00	0.00e+00	0.00e+00	2.19e-08	5.38e-09	2.94e-09
 5.69707e+15	3.68e-08	7.72e-03	8.94e-01	9.69e-02	1.40e-03	1.21e-05	0.00e+00	0.00e+00	0.00e+00	2.66e-08	6.64e-09	3.59e-09
 6.05893e+15	4.47e-08	8.58e-03	9.10e-01	8.05e-02	9.98e-04	7.76e-06	0.00e+00	0.00e+00	0.00e+00	3.22e-08	8.16e-09	4.38e-09
 6.40416e+15	5.36e-08	9.44e-03	9.23e-01	6.72e-02	7.19e-04	5.04e-06	0.00e+00	0.00e+00	0.00e+00	3.84e-08	9.90e-09	5.26e-09
 6.79356e+15	6.61e-08	1.05e-02	9.35e-01	5.45e-02	4.88e-04	3.02e-06	0.00e+00	0.00e+00	0.00e+00	4.72e-08	1.24e-08	6.52e-09
 7.29977e+15	8.59e-08	1.21e-02	9.46e-01	4.14e-02	2.95e-04	1.55e-06	0.00e+00	0.00e+00	0.00e+00	6.10e-08	1.64e-08	8.52e-09
 7.83474e+15	1.09e-07	1.36e-02	9.55e-01	3.16e-02	1.79e-04	8.00e-07	0.00e+00	0.00e+00	0.00e+00	7.70e-08	2.11e-08	1.08e-08
 8.32356e+15	1.35e-07	1.51e-02	9.60e-01	2.48e-02	1.14e-04	0.00e+00	0.00e+00	0.00e+00	0.00e+00	9.47e-08	2.64e-08	1.34e-08
 8.87549e+15	1.71e-07	1.70e-02	9.64e-01	1.89e-02	6.80e-05	0.00e+00	0.00e+00	0.00e+00	0.00e+00	1.19e-07	3.41e-08	1.71e-08
 9.45031e+15	2.10e-07	1.89e-02	9.66e-01	1.46e-02	4.17e-05	0.00e+00	0.00e+00	0.00e+00	0.00e+00	1.47e-07	4.26e-08	2.12e-08
 9.96399e+15	2.52e-07	2.06e-02	9.68e-01	1.17e-02	2.72e-05	0.00e+00	0.00e+00	0.00e+00	0.00e+00	1.75e-07	5.15e-08	2.54e-08
 1.05409e+16	3.07e-07	2.27e-02	9.68e-01	9.12e-03	1.69e-05	0.00e+00	0.00e+00	0.00e+00	0.00e+00	2.12e-07	6.35e-08	3.11e-08
 1.12909e+16	3.86e-07	2.54e-02	9.68e-01	6.75e-03	9.40e-06	0.00e+00	0.00e+00	0.00e+00	0.00e+00	2.66e-07	8.08e-08	3.92e-08
 1.20794e+16	4.72e-07	2.79e-02	9.67e-01	5.10e-03	5.45e-06	0.00e+00	0.00e+00	0.00e+00	0.00e+00	3.24e-07	9.93e-08	4.79e-08
 1.29181e+16	5.70e-07	3.06e-02	9.66e-01	3.85e-03	3.14e-06	0.00e+00	0.00e+00	0.00e+00	0.00e+00	3.91e-07	1.21e-07	5.80e-08
 1.38896e+16	6.77e-07	3.32e-02	9.64e-01	2.90e-03	1.80e-06	0.00e+00	0.00e+00	0.00e+00	0.00e+00	4.65e-07	1.43e-07	6.89e-08
 1.49044e+16	7.74e-07	3.53e-02	9.62e-01	2.25e-03	1.09e-06	0.00e+00	0.00e+00	0.00e+00	0.00e+00	5.33e-07	1.63e-07	7.86e-08
 1.59598e+16	8.50e-07	3.70e-02	9.61e-01	1.80e-03	7.04e-07	0.00e+00	0.00e+00	0.00e+00	0.00e+00	5.88e-07	1.76e-07	8.60e-08
 1.70575e+16	8.93e-07	3.78e-02	9.61e-01	1.50e-03	0.00e+00	0.00e+00	0.00e+00	0.00e+00	0.00e+00	6.23e-07	1.81e-07	8.98e-08
 1.81990e+16	8.96e-07	3.79e-02	9.61e-01	1.29e-03	0.00e+00	0.00e+00	0.00e+00	0.00e+00	0.00e+00	6.31e-07	1.76e-07	8.94e-08
 1.92662e+16	8.85e-07	3.77e-02	9.61e-01	1.16e-03	0.00e+00	0.00e+00	0.00e+00	0.00e+00	0.00e+00	6.30e-07	1.68e-07	8.75e-08
 2.01635e+16	8.58e-07	3.72e-02	9.62e-01	1.08e-03	0.00e+00	0.00e+00	0.00e+00	0.00e+00	0.00e+00	6.16e-07	1.58e-07	8.40e-08
 2.09533e+16	8.20e-07	3.65e-02	9.63e-01	1.03e-03	0.00e+00	0.00e+00	0.00e+00	0.00e+00	0.00e+00	5.94e-07	1.46e-07	7.94e-08
 2.16894e+16	7.78e-07	3.56e-02	9.63e-01	9.95e-04	0.00e+00	0.00e+00	0.00e+00	0.00e+00	0.00e+00	5.69e-07	1.34e-07	7.46e-08
 2.23957e+16	7.36e-07	3.47e-02	9.64e-01	9.71e-04	0.00e+00	0.00e+00	0.00e+00	0.00e+00	0.00e+00	5.43e-07	1.23e-07	6.97e-08
 2.30878e+16	6.95e-07	3.38e-02	9.65e-01	9.53e-04	0.00e+00	0.00e+00	0.00e+00	0.00e+00	0.00e+00	5.18e-07	1.12e-07	6.51e-08
 2.37794e+16	6.57e-07	3.29e-02	9.66e-01	9.39e-04	0.00e+00	0.00e+00	0.00e+00	0.00e+00	0.00e+00	4.94e-07	1.03e-07	6.07e-08
 2.44837e+16	6.22e-07	3.21e-02	9.67e-01	9.26e-04	0.00e+00	0.00e+00	0.00e+00	0.00e+00	0.00e+00	4.72e-07	9.40e-08	5.68e-08
 2.52153e+16	5.93e-07	3.13e-02	9.68e-01	9.12e-04	0.00e+00	0.00e+00	0.00e+00	0.00e+00	0.00e+00	4.53e-07	8.64e-08	5.33e-08
 2.59936e+16	5.69e-07	3.07e-02	9.68e-01	8.96e-04	0.00e+00	0.00e+00	0.00e+00	0.00e+00	0.00e+00	4.38e-07	8.01e-08	5.04e-08
 2.68466e+16	5.52e-07	3.03e-02	9.69e-01	8.74e-04	0.00e+00	0.00e+00	0.00e+00	0.00e+00	0.00e+00	4.29e-07	7.53e-08	4.83e-08
 2.78213e+16	5.48e-07	3.02e-02	9.69e-01	8.41e-04	0.00e+00	0.00e+00	0.00e+00	0.00e+00	0.00e+00	4.28e-07	7.23e-08	4.72e-08
 2.90096e+16	5.63e-07	3.06e-02	9.69e-01	7.91e-04	0.00e+00	0.00e+00	0.00e+00	0.00e+00	0.00e+00	4.43e-07	7.23e-08	4.79e-08
 3.04959e+16	6.17e-07	3.19e-02	9.67e-01	7.14e-04	0.00e+00	0.00e+00	0.00e+00	0.00e+00	0.00e+00	4.87e-07	7.79e-08	5.21e-08
 3.21750e+16	7.26e-07	3.45e-02	9.65e-01	6.20e-04	0.00e+00	0.00e+00	0.00e+00	0.00e+00	0.00e+00	5.73e-07	9.14e-08	6.12e-08
 3.39212e+16	8.90e-07	3.79e-02	9.62e-01	5.27e-04	0.00e+00	0.00e+00	0.00e+00	0.00e+00	0.00e+00	7.01e-07	1.13e-07	7.54e-08
 3.56938e+16	1.12e-06	4.22e-02	9.57e-01	4.42e-04	0.00e+00	0.00e+00	0.00e+00	0.00e+00	0.00e+00	8.79e-07	1.45e-07	9.56e-08
 3.73556e+16	1.40e-06	4.68e-02	9.53e-01	3.73e-04	0.00e+00	0.00e+00	0.00e+00	0.00e+00	0.00e+00	1.09e-06	1.85e-07	1.21e-07
 3.88543e+16	1.72e-06	5.15e-02	9.48e-01	3.18e-04	0.00e+00	0.00e+00	0.00e+00	0.00e+00	0.00e+00	1.34e-06	2.33e-07	1.50e-07
 4.02921e+16	2.12e-06	5.66e-02	9.43e-01	2.72e-04	0.00e+00	0.00e+00	0.00e+00	0.00e+00	0.00e+00	1.64e-06	2.93e-07	1.87e-07
 4.19448e+16	2.76e-06	6.37e-02	9.36e-01	2.23e-04	0.00e+00	0.00e+00	0.00e+00	0.00e+00	0.00e+00	2.12e-06	3.94e-07	2.46e-07
 4.36243e+16	3.53e-06	7.12e-02	9.29e-01	1.85e-04	0.00e+00	0.00e+00	0.00e+00	0.00e+00	0.00e+00	2.69e-06	5.17e-07	3.18e-07
 4.50231e+16	4.36e-06	7.82e-02	9.22e-01	1.57e-04	0.00e+00	0.00e+00	0.00e+00	0.00e+00	0.00e+00	3.31e-06	6.55e-07	3.97e-07
 4.65261e+16	5.63e-06	8.75e-02	9.12e-01	1.29e-04	0.00e+00	0.00e+00	0.00e+00	0.00e+00	0.00e+00	4.24e-06	8.73e-07	5.19e-07
 4.81090e+16	7.19e-06	9.75e-02	9.02e-01	1.06e-04	0.00e+00	0.00e+00	0.00e+00	0.00e+00	0.00e+00	5.37e-06	1.15e-06	6.70e-07
 4.95155e+16	8.99e-06	1.07e-01	8.92e-01	8.87e-05	0.00e+00	0.00e+00	0.00e+00	0.00e+00	0.00e+00	6.67e-06	1.47e-06	8.46e-07
 5.10640e+16	1.18e-05	1.21e-01	8.79e-01	7.13e-05	0.00e+00	0.00e+00	0.00e+00	0.00e+00	0.00e+00	8.68e-06	2.00e-06	1.12e-06
 5.26843e+16	1.52e-05	1.35e-01	8.65e-01	5.76e-05	0.00e+00	0.00e+00	0.00e+00	0.00e+00	0.00e+00	1.11e-05	2.65e-06	1.46e-06
 5.41281e+16	1.92e-05	1.49e-01	8.51e-01	4.72e-05	0.00e+00	0.00e+00	0.00e+00	0.00e+00	0.00e+00	1.39e-05	3.43e-06	1.86e-06
 5.57351e+16	2.54e-05	1.67e-01	8.33e-01	3.70e-05	0.00e+00	0.00e+00	0.00e+00	0.00e+00	0.00e+00	1.82e-05	4.70e-06	2.49e-06
 5.74408e+16	3.31e-05	1.87e-01	8.13e-01	2.91e-05	0.00e+00	0.00e+00	0.00e+00	0.00e+00	0.00e+00	2.35e-05	6.28e-06	3.26e-06
 5.90046e+16	4.22e-05	2.07e-01	7.93e-01	2.31e-05	0.00e+00	0.00e+00	0.00e+00	0.00e+00	0.00e+00	2.98e-05	8.22e-06	4.20e-06
 6.03960e+16	5.18e-05	2.25e-01	7.74e-01	1.89e-05	0.00e+00	0.00e+00	0.00e+00	0.00e+00	0.00e+00	3.63e-05	1.03e-05	5.18e-06
 6.16227e+16	6.23e-05	2.43e-01	7.56e-01	1.57e-05	0.00e+00	0.00e+00	0.00e+00	0.00e+00	0.00e+00	4.35e-05	1.26e-05	6.26e-06
 6.30067e+16	7.80e-05	2.67e-01	7.33e-01	1.25e-05	0.00e+00	0.00e+00	0.00e+00	0.00e+00	0.00e+00	5.41e-05	1.61e-05	7.88e-06
 6.44653e+16	9.60e-05	2.90e-01	7.10e-01	1.00e-05	0.00e+00	0.00e+00	0.00e+00	0.00e+00	0.00e+00	6.61e-05	2.01e-05	9.74e-06
 6.57681e+16	1.15e-04	3.13e-01	6.87e-01	8.16e-06	0.00e+00	0.00e+00	0.00e+00	0.00e+00	0.00e+00	7.92e-05	2.46e-05	1.18e-05
 6.72090e+16	1.44e-04	3.41e-01	6.58e-01	6.39e-06	0.00e+00	0.00e+00	0.00e+00	0.00e+00	0.00e+00	9.81e-05	3.12e-05	1.47e-05
 6.87248e+16	1.77e-04	3.71e-01	6.29e-01	5.03e-06	0.00e+00	0.00e+00	0.00e+00	0.00e+00	0.00e+00	1.20e-04	3.87e-05	1.81e-05
 7.00690e+16	2.12e-04	3.98e-01	6.02e-01	4.04e-06	0.00e+00	0.00e+00	0.00e+00	0.00e+00	0.00e+00	1.43e-04	4.70e-05	2.18e-05
 7.15478e+16	2.62e-04	4.32e-01	5.67e-01	3.11e-06	0.00e+00	0.00e+00	0.00e+00	0.00e+00	0.00e+00	1.76e-04	5.90e-05	2.71e-05
 7.31094e+16	3.23e-04	4.68e-01	5.31e-01	2.39e-06	0.00e+00	0.00e+00	0.00e+00	0.00e+00	0.00e+00	2.16e-04	7.33e-05	3.34e-05
 7.44777e+16	3.87e-04	5.02e-01	4.98e-01	1.89e-06	0.00e+00	0.00e+00	0.00e+00	0.00e+00	0.00e+00	2.59e-04	8.87e-05	4.01e-05
 7.59554e+16	4.79e-04	5.42e-01	4.58e-01	1.43e-06	0.00e+00	0.00e+00	0.00e+00	0.00e+00	0.00e+00	3.18e-04	1.11e-04	4.97e-05
 7.75118e+16	5.92e-04	5.84e-01	4.15e-01	1.07e-06	0.00e+00	0.00e+00	0.00e+00	0.00e+00	0.00e+00	3.93e-04	1.38e-04	6.15e-05
 7.88505e+16	7.15e-04	6.24e-01	3.76e-01	8.21e-07	0.00e+00	0.00e+00	0.00e+00	0.00e+00	0.00e+00	4.73e-04	1.67e-04	7.43e-05
 8.00642e+16	8.55e-04	6.61e-01	3.38e-01	0.00e+00	0.00e+00	0.00e+00	0.00e+00	0.00e+00	0.00e+00	5.65e-04	2.00e-04	8.90e-05
 8.12385e+16	1.02e-03	6.99e-01	3.00e-01	0.00e+00	0.00e+00	0.00e+00	0.00e+00	0.00e+00	0.00e+00	6.75e-04	2.40e-04	1.06e-04
 8.23366e+16	1.22e-03	7.36e-01	2.63e-01	0.00e+00	0.00e+00	0.00e+00	0.00e+00	0.00e+00	0.00e+00	8.02e-04	2.86e-04	1.27e-04
 8.32959e+16	1.42e-03	7.69e-01	2.29e-01	0.00e+00	0.00e+00	0.00e+00	0.00e+00	0.00e+00	0.00e+00	9.39e-04	3.36e-04	1.48e-04
 8.41083e+16	1.64e-03	7.98e-01	2.00e-01	0.00e+00	0.00e+00	0.00e+00	0.00e+00	0.00e+00	0.00e+00	1.08e-03	3.87e-04	1.71e-04
 8.48538e+16	1.87e-03	8.25e-01	1.73e-01	0.00e+00	0.00e+00	0.00e+00	0.00e+00	0.00e+00	0.00e+00	1.24e-03	4.43e-04	1.95e-04
 8.55378e+16	2.13e-03	8.50e-01	1.48e-01	0.00e+00	0.00e+00	0.00e+00	0.00e+00	0.00e+00	0.00e+00	1.41e-03	5.04e-04	2.22e-04
 8.60956e+16	2.38e-03	8.70e-01	1.27e-01	0.00e+00	0.00e+00	0.00e+00	0.00e+00	0.00e+00	0.00e+00	1.57e-03	5.63e-04	2.48e-04
 8.65485e+16	2.62e-03	8.87e-01	1.11e-01	0.00e+00	0.00e+00	0.00e+00	0.00e+00	0.00e+00	0.00e+00	1.73e-03	6.18e-04	2.73e-04
 8.69430e+16	2.85e-03	9.01e-01	9.63e-02	0.00e+00	0.00e+00	0.00e+00	0.00e+00	0.00e+00	0.00e+00	1.88e-03	6.72e-04	2.97e-04
 8.73035e+16	3.08e-03	9.14e-01	8.33e-02	0.00e+00	0.00e+00	0.00e+00	0.00e+00	0.00e+00	0.00e+00	2.03e-03	7.28e-04	3.21e-04
 8.76298e+16	3.32e-03	9.25e-01	7.15e-02	0.00e+00	0.00e+00	0.00e+00	0.00e+00	0.00e+00	0.00e+00	2.19e-03	7.84e-04	3.46e-04
 8.79157e+16	3.55e-03	9.35e-01	6.13e-02	0.00e+00	0.00e+00	0.00e+00	0.00e+00	0.00e+00	0.00e+00	2.34e-03	8.38e-04	3.70e-04
 8.81617e+16	3.77e-03	9.44e-01	5.25e-02	0.00e+00	0.00e+00	0.00e+00	0.00e+00	0.00e+00	0.00e+00	2.49e-03	8.89e-04	3.93e-04
 8.83751e+16	3.97e-03	9.51e-01	4.50e-02	0.00e+00	0.00e+00	0.00e+00	0.00e+00	0.00e+00	0.00e+00	2.62e-03	9.37e-04	4.14e-04
 8.85636e+16	4.17e-03	9.57e-01	3.85e-02	0.00e+00	0.00e+00	0.00e+00	0.00e+00	0.00e+00	0.00e+00	2.75e-03	9.83e-04	4.34e-04
 8.87319e+16	4.35e-03	9.63e-01	3.27e-02	0.00e+00	0.00e+00	0.00e+00	0.00e+00	0.00e+00	0.00e+00	2.87e-03	1.03e-03	4.53e-04
 8.88815e+16	4.52e-03	9.68e-01	2.76e-02	0.00e+00	0.00e+00	0.00e+00	0.00e+00	0.00e+00	0.00e+00	2.99e-03	1.07e-03	4.71e-04
 8.90122e+16	4.68e-03	9.72e-01	2.32e-02	0.00e+00	0.00e+00	0.00e+00	0.00e+00	0.00e+00	0.00e+00	3.09e-03	1.10e-03	4.88e-04
 8.91273e+16	4.82e-03	9.76e-01	1.95e-02	0.00e+00	0.00e+00	0.00e+00	0.00e+00	0.00e+00	0.00e+00	3.18e-03	1.14e-03	5.02e-04
 8.92300e+16	4.95e-03	9.79e-01	1.62e-02	0.00e+00	0.00e+00	0.00e+00	0.00e+00	0.00e+00	0.00e+00	3.27e-03	1.17e-03	5.16e-04
 8.93223e+16	5.07e-03	9.82e-01	1.34e-02	0.00e+00	0.00e+00	0.00e+00	0.00e+00	0.00e+00	0.00e+00	3.35e-03	1.19e-03	5.28e-04
 8.94056e+16	5.18e-03	9.84e-01	1.09e-02	0.00e+00	0.00e+00	0.00e+00	0.00e+00	0.00e+00	0.00e+00	3.42e-03	1.22e-03	5.39e-04
 8.94811e+16	5.27e-03	9.86e-01	8.83e-03	0.00e+00	0.00e+00	0.00e+00	0.00e+00	0.00e+00	0.00e+00	3.48e-03	1.24e-03	5.49e-04
 8.95503e+16	5.36e-03	9.88e-01	7.07e-03	0.00e+00	0.00e+00	0.00e+00	0.00e+00	0.00e+00	0.00e+00	3.54e-03	1.26e-03	5.58e-04
 8.96146e+16	5.43e-03	9.89e-01	5.58e-03	0.00e+00	0.00e+00	0.00e+00	0.00e+00	0.00e+00	0.00e+00	3.59e-03	1.28e-03	5.66e-04
 8.96754e+16	5.50e-03	9.90e-01	4.34e-03	0.00e+00	0.00e+00	0.00e+00	0.00e+00	0.00e+00	0.00e+00	3.63e-03	1.30e-03	5.73e-04
 8.97342e+16	5.56e-03	9.91e-01	3.31e-03	0.00e+00	0.00e+00	0.00e+00	0.00e+00	0.00e+00	0.00e+00	3.67e-03	1.31e-03	5.79e-04
 8.98010e+16	5.63e-03	9.92e-01	2.37e-03	0.00e+00	0.00e+00	0.00e+00	0.00e+00	0.00e+00	0.00e+00	3.72e-03	1.33e-03	5.86e-04
 8.98736e+16	5.70e-03	9.93e-01	1.58e-03	0.00e+00	0.00e+00	0.00e+00	0.00e+00	0.00e+00	0.00e+00	3.77e-03	1.34e-03	5.94e-04
 8.99414e+16	5.77e-03	9.93e-01	1.05e-03	0.00e+00	0.00e+00	0.00e+00	0.00e+00	0.00e+00	0.00e+00	3.81e-03	1.36e-03	6.01e-04
 9.00174e+16	5.86e-03	9.93e-01	6.64e-04	0.00e+00	0.00e+00	0.00e+00	0.00e+00	0.00e+00	0.00e+00	3.87e-03	1.38e-03	6.10e-04
 9.01162e+16	5.98e-03	9.94e-01	3.66e-04	0.00e+00	0.00e+00	0.00e+00	0.00e+00	0.00e+00	0.00e+00	3.95e-03	1.41e-03	6.23e-04
 9.02446e+16	6.17e-03	9.94e-01	1.69e-04	0.00e+00	0.00e+00	0.00e+00	0.00e+00	0.00e+00	0.00e+00	4.07e-03	1.45e-03	6.42e-04
 9.04115e+16	6.44e-03	9.94e-01	6.36e-05	0.00e+00	0.00e+00	0.00e+00	0.00e+00	0.00e+00	0.00e+00	4.25e-03	1.51e-03	6.70e-04
 9.06285e+16	6.82e-03	9.93e-01	1.88e-05	0.00e+00	0.00e+00	0.00e+00	0.00e+00	0.00e+00	0.00e+00	4.51e-03	1.61e-03	7.10e-04
 9.09106e+16	7.38e-03	9.93e-01	4.40e-06	0.00e+00	0.00e+00	0.00e+00	0.00e+00	0.00e+00	0.00e+00	4.88e-03	1.74e-03	7.68e-04
 9.12773e+16	8.22e-03	9.92e-01	1.07e-06	0.00e+00	0.00e+00	0.00e+00	0.00e+00	0.00e+00	0.00e+00	5.43e-03	1.93e-03	8.55e-04
 9.17540e+16	9.57e-03	9.90e-01	5.02e-07	0.00e+00	0.00e+00	0.00e+00	0.00e+00	0.00e+00	0.00e+00	6.33e-03	2.25e-03	9.95e-04
 9.22765e+16	1.15e-02	9.88e-01	4.08e-07	0.00e+00	0.00e+00	0.00e+00	0.00e+00	0.00e+00	0.00e+00	7.64e-03	2.71e-03	1.20e-03
 9.27244e+16	1.39e-02	9.86e-01	3.71e-07	0.00e+00	0.00e+00	0.00e+00	0.00e+00	0.00e+00	0.00e+00	9.22e-03	3.27e-03	1.45e-03
 9.30785e+16	1.65e-02	9.83e-01	3.42e-07	0.00e+00	0.00e+00	0.00e+00	0.00e+00	0.00e+00	0.00e+00	1.09e-02	3.88e-03	1.72e-03
 9.33940e+16	1.96e-02	9.80e-01	3.16e-07	0.00e+00	0.00e+00	0.00e+00	0.00e+00	0.00e+00	0.00e+00	1.30e-02	4.59e-03	2.03e-03
 9.36801e+16	2.33e-02	9.77e-01	2.89e-07	0.00e+00	0.00e+00	0.00e+00	0.00e+00	0.00e+00	0.00e+00	1.54e-02	5.47e-03	2.42e-03
 9.39145e+16	2.75e-02	9.73e-01	2.65e-07	0.00e+00	0.00e+00	0.00e+00	0.00e+00	0.00e+00	0.00e+00	1.82e-02	6.44e-03	2.85e-03
 9.41088e+16	3.20e-02	9.68e-01	2.43e-07	0.00e+00	0.00e+00	0.00e+00	0.00e+00	0.00e+00	0.00e+00	2.12e-02	7.51e-03	3.32e-03
 9.42816e+16	3.73e-02	9.63e-01	2.22e-07	0.00e+00	0.00e+00	0.00e+00	0.00e+00	0.00e+00	0.00e+00	2.47e-02	8.74e-03	3.86e-03
 9.44413e+16	4.36e-02	9.56e-01	2.01e-07	0.00e+00	0.00e+00	0.00e+00	0.00e+00	0.00e+00	0.00e+00	2.89e-02	1.02e-02	4.51e-03
 9.45861e+16	5.13e-02	9.49e-01	1.80e-07	0.00e+00	0.00e+00	0.00e+00	0.00e+00	0.00e+00	0.00e+00	3.40e-02	1.20e-02	5.29e-03
 9.47129e+16	6.02e-02	9.40e-01	1.60e-07	0.00e+00	0.00e+00	0.00e+00	0.00e+00	0.00e+00	0.00e+00	3.99e-02	1.41e-02	6.20e-03
 9.48224e+16	7.05e-02	9.30e-01	1.42e-07	0.00e+00	0.00e+00	0.00e+00	0.00e+00	0.00e+00	0.00e+00	4.67e-02	1.65e-02	7.25e-03
 9.49179e+16	8.22e-02	9.18e-01	1.25e-07	0.00e+00	0.00e+00	0.00e+00	0.00e+00	0.00e+00	0.00e+00	5.45e-02	1.93e-02	8.44e-03
 9.50026e+16	9.60e-02	9.04e-01	1.09e-07	0.00e+00	0.00e+00	0.00e+00	0.00e+00	0.00e+00	0.00e+00	6.37e-02	2.25e-02	9.82e-03
 9.50782e+16	1.12e-01	8.88e-01	9.44e-08	0.00e+00	0.00e+00	0.00e+00	0.00e+00	0.00e+00	0.00e+00	7.44e-02	2.63e-02	1.14e-02
 9.51453e+16	1.31e-01	8.69e-01	8.10e-08	0.00e+00	0.00e+00	0.00e+00	0.00e+00	0.00e+00	0.00e+00	8.68e-02	3.07e-02	1.33e-02
 9.52048e+16	1.52e-01	8.48e-01	6.89e-08	0.00e+00	0.00e+00	0.00e+00	0.00e+00	0.00e+00	0.00e+00	1.01e-01	3.57e-02	1.54e-02
 9.52576e+16	1.77e-01	8.23e-01	5.81e-08	0.00e+00	0.00e+00	0.00e+00	0.00e+00	0.00e+00	0.00e+00	1.18e-01	4.15e-02	1.78e-02
 9.53049e+16	2.05e-01	7.95e-01	4.85e-08	0.00e+00	0.00e+00	0.00e+00	0.00e+00	0.00e+00	0.00e+00	1.36e-01	4.82e-02	2.06e-02
 9.53477e+16	2.37e-01	7.63e-01	4.01e-08	0.00e+00	0.00e+00	0.00e+00	0.00e+00	0.00e+00	0.00e+00	1.58e-01	5.57e-02	2.36e-02
 9.53868e+16	2.74e-01	7.26e-01	3.28e-08	0.00e+00	0.00e+00	0.00e+00	0.00e+00	0.00e+00	0.00e+00	1.83e-01	6.43e-02	2.71e-02
 9.54228e+16	3.15e-01	6.85e-01	2.65e-08	0.00e+00	0.00e+00	0.00e+00	0.00e+00	0.00e+00	0.00e+00	2.10e-01	7.40e-02	3.09e-02
 9.54537e+16	3.58e-01	6.42e-01	2.14e-08	0.00e+00	0.00e+00	0.00e+00	0.00e+00	0.00e+00	0.00e+00	2.39e-01	8.40e-02	3.48e-02
 9.54770e+16	3.95e-01	6.05e-01	1.77e-08	0.00e+00	0.00e+00	0.00e+00	0.00e+00	0.00e+00	0.00e+00	2.64e-01	9.29e-02	3.81e-02
 9.54940e+16	4.25e-01	5.75e-01	1.52e-08	0.00e+00	0.00e+00	0.00e+00	0.00e+00	0.00e+00	0.00e+00	2.84e-01	1.00e-01	4.08e-02
 9.55077e+16	4.51e-01	5.49e-01	1.35e-08	0.00e+00	0.00e+00	0.00e+00	0.00e+00	0.00e+00	0.00e+00	3.02e-01	1.06e-01	4.30e-02
 9.55204e+16	4.74e-01	5.26e-01	1.20e-08	0.00e+00	0.00e+00	0.00e+00	0.00e+00	0.00e+00	0.00e+00	3.18e-01	1.12e-01	4.50e-02
 9.55329e+16	4.98e-01	5.02e-01	1.07e-08	0.00e+00	0.00e+00	0.00e+00	0.00e+00	0.00e+00	0.00e+00	3.34e-01	1.17e-01	4.71e-02
 9.55453e+16	5.22e-01	4.78e-01	9.60e-09	0.00e+00	0.00e+00	0.00e+00	0.00e+00	0.00e+00	0.00e+00	3.51e-01	1.23e-01	4.90e-02
 9.55569e+16	5.45e-01	4.55e-01	8.62e-09	0.00e+00	0.00e+00	0.00e+00	0.00e+00	0.00e+00	0.00e+00	3.66e-01	1.28e-01	5.09e-02
 9.55674e+16	5.66e-01	4.34e-01	7.78e-09	0.00e+00	0.00e+00	0.00e+00	0.00e+00	0.00e+00	0.00e+00	3.81e-01	1.32e-01	5.25e-02
 9.55772e+16	5.85e-01	4.15e-01	7.08e-09	0.00e+00	0.00e+00	0.00e+00	0.00e+00	0.00e+00	0.00e+00	3.94e-01	1.37e-01	5.40e-02
 9.55853e+16	6.00e-01	4.00e-01	6.56e-09	0.00e+00	0.00e+00	0.00e+00	0.00e+00	0.00e+00	0.00e+00	4.04e-01	1.40e-01	5.52e-02
 9.55912e+16	6.11e-01	3.89e-01	6.18e-09	0.00e+00	0.00e+00	0.00e+00	0.00e+00	0.00e+00	0.00e+00	4.12e-01	1.43e-01	5.61e-02
 9.55968e+16	6.22e-01	3.78e-01	5.86e-09	0.00e+00	0.00e+00	0.00e+00	0.00e+00	0.00e+00	0.00e+00	4.19e-01	1.45e-01	5.69e-02
 9.56030e+16	6.34e-01	3.66e-01	5.51e-09	0.00e+00	0.00e+00	0.00e+00	0.00e+00	0.00e+00	0.00e+00	4.28e-01	1.48e-01	5.79e-02
 9.56096e+16	6.45e-01	3.55e-01	5.21e-09	0.00e+00	0.00e+00	0.00e+00	0.00e+00	0.00e+00	0.00e+00	4.36e-01	1.50e-01	5.87e-02
 9.56164e+16	6.57e-01	3.43e-01	4.90e-09	0.00e+00	0.00e+00	0.00e+00	0.00e+00	0.00e+00	0.00e+00	4.45e-01	1.53e-01	5.95e-02
 9.56234e+16	6.69e-01	3.31e-01	4.60e-09	0.00e+00	0.00e+00	0.00e+00	0.00e+00	0.00e+00	0.00e+00	4.53e-01	1.55e-01	6.04e-02
 9.56302e+16	6.80e-01	3.20e-01	4.33e-09	0.00e+00	0.00e+00	0.00e+00	0.00e+00	0.00e+00	0.00e+00	4.61e-01	1.58e-01	6.12e-02
 9.56369e+16	6.91e-01	3.09e-01	4.07e-09	0.00e+00	0.00e+00	0.00e+00	0.00e+00	0.00e+00	0.00e+00	4.70e-01	1.60e-01	6.20e-02
 9.56435e+16	7.02e-01	2.98e-01	3.84e-09	0.00e+00	0.00e+00	0.00e+00	0.00e+00	0.00e+00	0.00e+00	4.77e-01	1.62e-01	6.27e-02
 9.56502e+16	7.13e-01	2.87e-01	3.60e-09	0.00e+00	0.00e+00	0.00e+00	0.00e+00	0.00e+00	0.00e+00	4.85e-01	1.64e-01	6.35e-02
 9.56568e+16	7.23e-01	2.77e-01	3.40e-09	0.00e+00	0.00e+00	0.00e+00	0.00e+00	0.00e+00	0.00e+00	4.93e-01	1.66e-01	6.42e-02
 9.56633e+16	7.32e-01	2.68e-01	3.22e-09	0.00e+00	0.00e+00	0.00e+00	0.00e+00	0.00e+00	0.00e+00	4.99e-01	1.68e-01	6.48e-02
 9.56704e+16	7.43e-01	2.57e-01	3.03e-09	0.00e+00	0.00e+00	0.00e+00	0.00e+00	0.00e+00	0.00e+00	5.07e-01	1.70e-01	6.54e-02
 9.56777e+16	7.52e-01	2.48e-01	2.86e-09	0.00e+00	0.00e+00	0.00e+00	0.00e+00	0.00e+00	0.00e+00	5.14e-01	1.72e-01	6.60e-02
 9.56848e+16	7.62e-01	2.38e-01	2.69e-09	0.00e+00	0.00e+00	0.00e+00	0.00e+00	0.00e+00	0.00e+00	5.21e-01	1.74e-01	6.66e-02
 9.56915e+16	7.70e-01	2.30e-01	2.55e-09	0.00e+00	0.00e+00	0.00e+00	0.00e+00	0.00e+00	0.00e+00	5.27e-01	1.76e-01	6.71e-02
 9.56982e+16	7.79e-01	2.21e-01	2.41e-09	0.00e+00	0.00e+00	0.00e+00	0.00e+00	0.00e+00	0.00e+00	5.34e-01	1.77e-01	6.77e-02
 9.57051e+16	7.86e-01	2.14e-01	2.29e-09	0.00e+00	0.00e+00	0.00e+00	0.00e+00	0.00e+00	0.00e+00	5.40e-01	1.79e-01	6.81e-02
 9.57120e+16	7.95e-01	2.05e-01	2.16e-09	0.00e+00	0.00e+00	0.00e+00	0.00e+00	0.00e+00	0.00e+00	5.46e-01	1.80e-01	6.86e-02
 9.57188e+16	8.01e-01	1.99e-01	2.06e-09	0.00e+00	0.00e+00	0.00e+00	0.00e+00	0.00e+00	0.00e+00	5.51e-01	1.81e-01	6.90e-02
 9.57256e+16	8.09e-01	1.91e-01	1.95e-09	0.00e+00	0.00e+00	0.00e+00	0.00e+00	0.00e+00	0.00e+00	5.57e-01	1.83e-01	6.94e-02
 9.57324e+16	8.16e-01	1.84e-01	1.86e-09	0.00e+00	0.00e+00	0.00e+00	0.00e+00	0.00e+00	0.00e+00	5.62e-01	1.84e-01	6.98e-02
 9.57397e+16	8.23e-01	1.77e-01	1.75e-09	0.00e+00	0.00e+00	0.00e+00	0.00e+00	0.00e+00	0.00e+00	5.68e-01	1.85e-01	7.02e-02
 9.57470e+16	8.29e-01	1.71e-01	1.67e-09	0.00e+00	0.00e+00	0.00e+00	0.00e+00	0.00e+00	0.00e+00	5.73e-01	1.86e-01	7.05e-02
 9.57541e+16	8.36e-01	1.64e-01	1.58e-09	0.00e+00	0.00e+00	0.00e+00	0.00e+00	0.00e+00	0.00e+00	5.78e-01	1.87e-01	7.08e-02
 9.57611e+16	8.42e-01	1.58e-01	1.51e-09	0.00e+00	0.00e+00	0.00e+00	0.00e+00	0.00e+00	0.00e+00	5.82e-01	1.88e-01	7.11e-02
 9.57682e+16	8.48e-01	1.52e-01	1.43e-09	0.00e+00	0.00e+00	0.00e+00	0.00e+00	0.00e+00	0.00e+00	5.87e-01	1.89e-01	7.14e-02
 9.57756e+16	8.53e-01	1.47e-01	1.37e-09	0.00e+00	0.00e+00	0.00e+00	0.00e+00	0.00e+00	0.00e+00	5.91e-01	1.90e-01	7.16e-02
 9.57831e+16	8.59e-01	1.41e-01	1.30e-09	0.00e+00	0.00e+00	0.00e+00	0.00e+00	0.00e+00	0.00e+00	5.96e-01	1.91e-01	7.18e-02
 9.57905e+16	8.64e-01	1.36e-01	1.24e-09	0.00e+00	0.00e+00	0.00e+00	0.00e+00	0.00e+00	0.00e+00	6.00e-01	1.92e-01	7.21e-02
 9.57982e+16	8.70e-01	1.30e-01	1.17e-09	0.00e+00	0.00e+00	0.00e+00	0.00e+00	0.00e+00	0.00e+00	6.05e-01	1.93e-01	7.23e-02
 9.58060e+16	8.74e-01	1.26e-01	1.12e-09	0.00e+00	0.00e+00	0.00e+00	0.00e+00	0.00e+00	0.00e+00	6.08e-01	1.93e-01	7.25e-02
 9.58134e+16	8.79e-01	1.21e-01	1.07e-09	0.00e+00	0.00e+00	0.00e+00	0.00e+00	0.00e+00	0.00e+00	6.12e-01	1.94e-01	7.27e-02
 9.58206e+16	8.84e-01	1.16e-01	1.02e-09	0.00e+00	0.00e+00	0.00e+00	0.00e+00	0.00e+00	0.00e+00	6.16e-01	1.95e-01	7.29e-02
 9.58287e+16	8.88e-01	1.12e-01	9.73e-10	0.00e+00	0.00e+00	0.00e+00	0.00e+00	0.00e+00	0.00e+00	6.19e-01	1.95e-01	7.30e-02
 9.58366e+16	8.92e-01	1.08e-01	9.24e-10	0.00e+00	0.00e+00	0.00e+00	0.00e+00	0.00e+00	0.00e+00	6.23e-01	1.96e-01	7.32e-02
 9.58441e+16	8.96e-01	1.04e-01	8.85e-10	0.00e+00	0.00e+00	0.00e+00	0.00e+00	0.00e+00	0.00e+00	6.26e-01	1.96e-01	7.34e-02
 9.58518e+16	9.00e-01	9.99e-02	8.44e-10	0.00e+00	0.00e+00	0.00e+00	0.00e+00	0.00e+00	0.00e+00	6.30e-01	1.97e-01	7.35e-02
 9.58601e+16	9.04e-01	9.62e-02	8.06e-10	0.00e+00	0.00e+00	0.00e+00	0.00e+00	0.00e+00	0.00e+00	6.33e-01	1.98e-01	7.36e-02
 9.58687e+16	9.08e-01	9.24e-02	7.68e-10	0.00e+00	0.00e+00	0.00e+00	0.00e+00	0.00e+00	0.00e+00	6.36e-01	1.98e-01	7.38e-02
 9.58769e+16	9.11e-01	8.85e-02	7.30e-10	0.00e+00	0.00e+00	0.00e+00	0.00e+00	0.00e+00	0.00e+00	6.39e-01	1.99e-01	7.39e-02
 9.58853e+16	9.15e-01	8.52e-02	6.97e-10	0.00e+00	0.00e+00	0.00e+00	0.00e+00	0.00e+00	0.00e+00	6.42e-01	1.99e-01	7.40e-02
 9.58938e+16	9.18e-01	8.15e-02	6.61e-10	0.00e+00	0.00e+00	0.00e+00	0.00e+00	0.00e+00	0.00e+00	6.45e-01	2.00e-01	7.41e-02
 9.59023e+16	9.21e-01	7.89e-02	6.37e-10	0.00e+00	0.00e+00	0.00e+00	0.00e+00	0.00e+00	0.00e+00	6.47e-01	2.00e-01	7.42e-02
 9.59103e+16	9.24e-01	7.57e-02	6.06e-10	0.00e+00	0.00e+00	0.00e+00	0.00e+00	0.00e+00	0.00e+00	6.50e-01	2.00e-01	7.43e-02
 9.59182e+16	9.27e-01	7.31e-02	5.82e-10	0.00e+00	0.00e+00	0.00e+00	0.00e+00	0.00e+00	0.00e+00	6.52e-01	2.01e-01	7.44e-02
 9.59267e+16	9.30e-01	7.00e-02	5.54e-10	0.00e+00	0.00e+00	0.00e+00	0.00e+00	0.00e+00	0.00e+00	6.54e-01	2.01e-01	7.45e-02
 9.59359e+16	9.33e-01	6.74e-02	5.31e-10	0.00e+00	0.00e+00	0.00e+00	0.00e+00	0.00e+00	0.00e+00	6.57e-01	2.01e-01	7.46e-02
 9.59448e+16	9.36e-01	6.45e-02	5.04e-10	0.00e+00	0.00e+00	0.00e+00	0.00e+00	0.00e+00	0.00e+00	6.59e-01	2.02e-01	7.47e-02
 9.59533e+16	9.38e-01	6.22e-02	4.83e-10	0.00e+00	0.00e+00	0.00e+00	0.00e+00	0.00e+00	0.00e+00	6.61e-01	2.02e-01	7.48e-02
 9.59618e+16	9.40e-01	5.97e-02	4.61e-10	0.00e+00	0.00e+00	0.00e+00	0.00e+00	0.00e+00	0.00e+00	6.63e-01	2.02e-01	7.48e-02
 9.59707e+16	9.43e-01	5.75e-02	4.42e-10	0.00e+00	0.00e+00	0.00e+00	0.00e+00	0.00e+00	0.00e+00	6.65e-01	2.03e-01	7.49e-02
 9.59798e+16	9.45e-01	5.50e-02	4.20e-10	0.00e+00	0.00e+00	0.00e+00	0.00e+00	0.00e+00	0.00e+00	6.67e-01	2.03e-01	7.50e-02
 9.59889e+16	9.47e-01	5.30e-02	4.03e-10	0.00e+00	0.00e+00	0.00e+00	0.00e+00	0.00e+00	0.00e+00	6.69e-01	2.03e-01	7.50e-02
 9.59977e+16	9.49e-01	5.09e-02	3.84e-10	0.00e+00	0.00e+00	0.00e+00	0.00e+00	0.00e+00	0.00e+00	6.70e-01	2.04e-01	7.51e-02
 9.60063e+16	9.51e-01	4.90e-02	3.68e-10	0.00e+00	0.00e+00	0.00e+00	0.00e+00	0.00e+00	0.00e+00	6.72e-01	2.04e-01	7.52e-02
 9.60155e+16	9.53e-01	4.72e-02	3.53e-10	0.00e+00	0.00e+00	0.00e+00	0.00e+00	0.00e+00	0.00e+00	6.74e-01	2.04e-01	7.52e-02
 9.60242e+16	9.55e-01	4.52e-02	3.37e-10	0.00e+00	0.00e+00	0.00e+00	0.00e+00	0.00e+00	0.00e+00	6.75e-01	2.04e-01	7.53e-02
 9.60330e+16	9.56e-01	4.36e-02	3.23e-10	0.00e+00	0.00e+00	0.00e+00	0.00e+00	0.00e+00	0.00e+00	6.77e-01	2.05e-01	7.53e-02
 9.60419e+16	9.58e-01	4.17e-02	3.08e-10	0.00e+00	0.00e+00	0.00e+00	0.00e+00	0.00e+00	0.00e+00	6.78e-01	2.05e-01	7.54e-02
 9.60511e+16	9.60e-01	3.99e-02	2.93e-10	0.00e+00	0.00e+00	0.00e+00	0.00e+00	0.00e+00	0.00e+00	6.80e-01	2.05e-01	7.54e-02
 9.60609e+16	9.62e-01	3.82e-02	2.79e-10	0.00e+00	0.00e+00	0.00e+00	0.00e+00	0.00e+00	0.00e+00	6.81e-01	2.05e-01	7.55e-02
 9.60705e+16	9.63e-01	3.66e-02	2.66e-10	0.00e+00	0.00e+00	0.00e+00	0.00e+00	0.00e+00	0.00e+00	6.82e-01	2.05e-01	7.55e-02
 9.60790e+16	9.65e-01	3.52e-02	2.54e-10	0.00e+00	0.00e+00	0.00e+00	0.00e+00	0.00e+00	0.00e+00	6.83e-01	2.06e-01	7.56e-02
 9.60871e+16	9.66e-01	3.38e-02	2.43e-10	0.00e+00	0.00e+00	0.00e+00	0.00e+00	0.00e+00	0.00e+00	6.84e-01	2.06e-01	7.57e-02
 9.60957e+16	9.67e-01	3.26e-02	2.34e-10	0.00e+00	0.00e+00	0.00e+00	0.00e+00	0.00e+00	0.00e+00	6.85e-01	2.06e-01	7.57e-02
 9.61042e+16	9.69e-01	3.13e-02	2.23e-10	0.00e+00	0.00e+00	0.00e+00	0.00e+00	0.00e+00	0.00e+00	6.87e-01	2.06e-01	7.57e-02
 9.61125e+16	9.70e-01	2.99e-02	2.12e-10	0.00e+00	0.00e+00	0.00e+00	0.00e+00	0.00e+00	0.00e+00	6.88e-01	2.07e-01	7.58e-02
 9.61213e+16	9.71e-01	2.87e-02	2.02e-10	0.00e+00	0.00e+00	0.00e+00	0.00e+00	0.00e+00	0.00e+00	6.89e-01	2.07e-01	7.58e-02
 9.61300e+16	9.73e-01	2.74e-02	1.92e-10	0.00e+00	0.00e+00	0.00e+00	0.00e+00	0.00e+00	0.00e+00	6.90e-01	2.07e-01	7.59e-02
 9.61380e+16	9.74e-01	2.63e-02	1.83e-10	0.00e+00	0.00e+00	0.00e+00	0.00e+00	0.00e+00	0.00e+00	6.90e-01	2.07e-01	7.59e-02
 9.61454e+16	9.75e-01	2.53e-02	1.75e-10	0.00e+00	0.00e+00	0.00e+00	0.00e+00	0.00e+00	0.00e+00	6.91e-01	2.08e-01	7.60e-02
 9.61527e+16	9.76e-01	2.42e-02	1.67e-10	0.00e+00	0.00e+00	0.00e+00	0.00e+00	0.00e+00	0.00e+00	6.92e-01	2.08e-01	7.60e-02
 9.61603e+16	9.77e-01	2.32e-02	1.59e-10	0.00e+00	0.00e+00	0.00e+00	0.00e+00	0.00e+00	0.00e+00	6.93e-01	2.08e-01	7.61e-02
 9.61679e+16	9.78e-01	2.22e-02	1.51e-10	0.00e+00	0.00e+00	0.00e+00	0.00e+00	0.00e+00	0.00e+00	6.93e-01	2.08e-01	7.61e-02
 9.61748e+16	9.79e-01	2.12e-02	1.43e-10	0.00e+00	0.00e+00	0.00e+00	0.00e+00	0.00e+00	0.00e+00	6.94e-01	2.09e-01	7.62e-02
 9.61811e+16	9.80e-01	2.03e-02	1.36e-10	0.00e+00	0.00e+00	0.00e+00	0.00e+00	0.00e+00	0.00e+00	6.94e-01	2.09e-01	7.62e-02
 9.61872e+16	9.81e-01	1.94e-02	1.29e-10	0.00e+00	0.00e+00	0.00e+00	0.00e+00	0.00e+00	0.00e+00	6.95e-01	2.09e-01	7.63e-02
 9.61930e+16	9.81e-01	1.86e-02	1.22e-10	0.00e+00	0.00e+00	0.00e+00	0.00e+00	0.00e+00	0.00e+00	6.95e-01	2.10e-01	7.63e-02
 9.61985e+16	9.82e-01	1.77e-02	1.15e-10	0.00e+00	0.00e+00	0.00e+00	0.00e+00	0.00e+00	0.00e+00	6.96e-01	2.10e-01	7.63e-02
 9.62032e+16	9.83e-01	1.70e-02	1.08e-10	0.00e+00	0.00e+00	0.00e+00	0.00e+00	0.00e+00	0.00e+00	6.96e-01	2.11e-01	7.64e-02
 9.62073e+16	9.84e-01	1.63e-02	1.03e-10	0.00e+00	0.00e+00	0.00e+00	0.00e+00	0.00e+00	0.00e+00	6.96e-01	2.11e-01	7.65e-02
 9.62110e+16	9.84e-01	1.57e-02	9.74e-11	0.00e+00	0.00e+00	0.00e+00	0.00e+00	0.00e+00	0.00e+00	6.96e-01	2.11e-01	7.65e-02
 9.62143e+16	9.85e-01	1.51e-02	9.25e-11	0.00e+00	0.00e+00	0.00e+00	0.00e+00	0.00e+00	0.00e+00	6.97e-01	2.12e-01	7.66e-02
 9.62173e+16	9.85e-01	1.46e-02	8.79e-11	0.00e+00	0.00e+00	0.00e+00	0.00e+00	0.00e+00	0.00e+00	6.97e-01	2.12e-01	7.66e-02
 9.62201e+16	9.86e-01	1.40e-02	8.34e-11	0.00e+00	0.00e+00	0.00e+00	0.00e+00	0.00e+00	0.00e+00	6.97e-01	2.12e-01	7.66e-02
 9.62226e+16	9.86e-01	1.35e-02	7.92e-11	0.00e+00	0.00e+00	0.00e+00	0.00e+00	0.00e+00	0.00e+00	6.97e-01	2.13e-01	7.67e-02
 9.62249e+16	9.87e-01	1.31e-02	7.53e-11	0.00e+00	0.00e+00	0.00e+00	0.00e+00	0.00e+00	0.00e+00	6.97e-01	2.13e-01	7.67e-02
 9.62269e+16	9.87e-01	1.27e-02	7.17e-11	0.00e+00	0.00e+00	0.00e+00	0.00e+00	0.00e+00	0.00e+00	6.97e-01	2.14e-01	7.68e-02
 9.62288e+16	9.88e-01	1.23e-02	6.84e-11	0.00e+00	0.00e+00	0.00e+00	0.00e+00	0.00e+00	0.00e+00	6.97e-01	2.14e-01	7.68e-02
 9.62305e+16	9.88e-01	1.19e-02	6.52e-11	0.00e+00	0.00e+00	0.00e+00	0.00e+00	0.00e+00	0.00e+00	6.97e-01	2.15e-01	7.68e-02
 9.62321e+16	9.88e-01	1.16e-02	6.25e-11	0.00e+00	0.00e+00	0.00e+00	0.00e+00	0.00e+00	0.00e+00	6.97e-01	2.15e-01	7.68e-02
 9.62335e+16	9.89e-01	1.12e-02	5.99e-11	0.00e+00	0.00e+00	0.00e+00	0.00e+00	0.00e+00	0.00e+00	6.96e-01	2.15e-01	7.69e-02
 9.62348e+16	9.89e-01	1.10e-02	5.78e-11	0.00e+00	0.00e+00	0.00e+00	0.00e+00	0.00e+00	0.00e+00	6.97e-01	2.16e-01	7.69e-02
 9.62360e+16	9.89e-01	1.07e-02	5.56e-11	0.00e+00	0.00e+00	0.00e+00	0.00e+00	0.00e+00	0.00e+00	6.96e-01	2.16e-01	7.69e-02
 9.62373e+16	9.90e-01	1.05e-02	5.36e-11	0.00e+00	0.00e+00	0.00e+00	0.00e+00	0.00e+00	0.00e+00	6.97e-01	2.16e-01	7.68e-02
 9.62387e+16	9.90e-01	1.02e-02	5.13e-11	0.00e+00	0.00e+00	0.00e+00	0.00e+00	0.00e+00	0.00e+00	6.97e-01	2.16e-01	7.68e-02
 9.62400e+16	9.90e-01	9.92e-03	4.92e-11	0.00e+00	0.00e+00	0.00e+00	0.00e+00	0.00e+00	0.00e+00	6.97e-01	2.17e-01	7.68e-02
 9.62411e+16	9.90e-01	9.72e-03	4.74e-11	0.00e+00	0.00e+00	0.00e+00	0.00e+00	0.00e+00	0.00e+00	6.97e-01	2.17e-01	7.68e-02
 9.62422e+16	9.91e-01	9.47e-03	4.55e-11	0.00e+00	0.00e+00	0.00e+00	0.00e+00	0.00e+00	0.00e+00	6.97e-01	2.17e-01	7.68e-02
 9.62432e+16	9.91e-01	9.30e-03	4.41e-11	0.00e+00	0.00e+00	0.00e+00	0.00e+00	0.00e+00	0.00e+00	6.96e-01	2.18e-01	7.68e-02
 9.62443e+16	9.91e-01	9.05e-03	4.25e-11	0.00e+00	0.00e+00	0.00e+00	0.00e+00	0.00e+00	0.00e+00	6.97e-01	2.17e-01	7.66e-02
 9.62455e+16	9.91e-01	8.81e-03	4.06e-11	0.00e+00	0.00e+00	0.00e+00	0.00e+00	0.00e+00	0.00e+00	6.97e-01	2.18e-01	7.67e-02
 9.62466e+16	9.91e-01	8.60e-03	3.90e-11	0.00e+00	0.00e+00	0.00e+00	0.00e+00	0.00e+00	0.00e+00	6.97e-01	2.18e-01	7.66e-02
 9.62476e+16	9.92e-01	8.40e-03	3.74e-11	0.00e+00	0.00e+00	0.00e+00	0.00e+00	0.00e+00	0.00e+00	6.97e-01	2.18e-01	7.66e-02
 9.62487e+16	9.92e-01	8.19e-03	3.60e-11	0.00e+00	0.00e+00	0.00e+00	0.00e+00	0.00e+00	0.00e+00	6.97e-01	2.18e-01	7.65e-02
 9.62499e+16	9.92e-01	7.99e-03	3.45e-11	0.00e+00	0.00e+00	0.00e+00	0.00e+00	0.00e+00	0.00e+00	6.97e-01	2.18e-01	7.64e-02
 9.62509e+16	9.92e-01	7.78e-03	3.30e-11	0.00e+00	0.00e+00	0.00e+00	0.00e+00	0.00e+00	0.00e+00	6.97e-01	2.19e-01	7.64e-02
 9.62521e+16	9.92e-01	7.58e-03	3.17e-11	0.00e+00	0.00e+00	0.00e+00	0.00e+00	0.00e+00	0.00e+00	6.98e-01	2.18e-01	7.62e-02
 9.62534e+16	9.93e-01	7.35e-03	3.00e-11	0.00e+00	0.00e+00	0.00e+00	0.00e+00	0.00e+00	0.00e+00	6.98e-01	2.19e-01	7.61e-02
 9.62546e+16	9.93e-01	7.14e-03	2.86e-11	0.00e+00	0.00e+00	0.00e+00	0.00e+00	0.00e+00	0.00e+00	6.98e-01	2.19e-01	7.61e-02
 9.62557e+16	9.93e-01	6.92e-03	2.71e-11	0.00e+00	0.00e+00	0.00e+00	0.00e+00	0.00e+00	0.00e+00	6.98e-01	2.19e-01	7.60e-02
 9.62566e+16	9.93e-01	6.79e-03	2.61e-11	0.00e+00	0.00e+00	0.00e+00	0.00e+00	0.00e+00	0.00e+00	6.98e-01	2.19e-01	7.60e-02
 9.62576e+16	9.93e-01	6.63e-03	2.50e-11	0.00e+00	0.00e+00	0.00e+00	0.00e+00	0.00e+00	0.00e+00	6.98e-01	2.19e-01	7.59e-02
 9.62587e+16	9.94e-01	6.45e-03	2.39e-11	0.00e+00	0.00e+00	0.00e+00	0.00e+00	0.00e+00	0.00e+00	6.99e-01	2.19e-01	7.57e-02
 9.62599e+16	9.94e-01	6.26e-03	2.27e-11	0.00e+00	0.00e+00	0.00e+00	0.00e+00	0.00e+00	0.00e+00	6.98e-01	2.20e-01	7.56e-02
 9.62612e+16	9.94e-01	6.09e-03	2.17e-11	0.00e+00	0.00e+00	0.00e+00	0.00e+00	0.00e+00	0.00e+00	6.99e-01	2.19e-01	7.53e-02
 9.62626e+16	9.94e-01	5.86e-03	2.03e-11	0.00e+00	0.00e+00	0.00e+00	0.00e+00	0.00e+00	0.00e+00	7.00e-01	2.19e-01	7.51e-02
 9.62639e+16	9.94e-01	5.67e-03	1.90e-11	0.00e+00	0.00e+00	0.00e+00	0.00e+00	0.00e+00	0.00e+00	7.00e-01	2.19e-01	7.50e-02
 9.62651e+16	9.95e-01	5.50e-03	1.80e-11	0.00e+00	0.00e+00	0.00e+00	0.00e+00	0.00e+00	0.00e+00	7.00e-01	2.20e-01	7.50e-02
 9.62662e+16	9.95e-01	5.35e-03	1.72e-11	0.00e+00	0.00e+00	0.00e+00	0.00e+00	0.00e+00	0.00e+00	7.00e-01	2.20e-01	7.47e-02
 9.62671e+16	9.95e-01	5.20e-03	1.63e-11	0.00e+00	0.00e+00	0.00e+00	0.00e+00	0.00e+00	0.00e+00	7.01e-01	2.19e-01	7.45e-02
 9.62681e+16	9.95e-01	5.06e-03	1.55e-11	0.00e+00	0.00e+00	0.00e+00	0.00e+00	0.00e+00	0.00e+00	7.00e-01	2.20e-01	7.45e-02
 9.62692e+16	9.95e-01	4.93e-03	1.49e-11	0.00e+00	0.00e+00	0.00e+00	0.00e+00	0.00e+00	0.00e+00	7.01e-01	2.19e-01	7.42e-02
 9.62704e+16	9.95e-01	4.78e-03	1.41e-11	0.00e+00	0.00e+00	0.00e+00	0.00e+00	0.00e+00	0.00e+00	7.02e-01	2.20e-01	7.40e-02
 9.62715e+16	9.95e-01	4.64e-03	1.34e-11	0.00e+00	0.00e+00	0.00e+00	0.00e+00	0.00e+00	0.00e+00	7.02e-01	2.19e-01	7.38e-02
 9.62725e+16	9.95e-01	4.51e-03	1.28e-11	0.00e+00	0.00e+00	0.00e+00	0.00e+00	0.00e+00	0.00e+00	7.02e-01	2.19e-01	7.36e-02
 9.62735e+16	9.96e-01	4.38e-03	1.21e-11	0.00e+00	0.00e+00	0.00e+00	0.00e+00	0.00e+00	0.00e+00	7.03e-01	2.19e-01	7.34e-02
 9.62744e+16	9.96e-01	4.28e-03	1.16e-11	0.00e+00	0.00e+00	0.00e+00	0.00e+00	0.00e+00	0.00e+00	7.03e-01	2.19e-01	7.33e-02
 9.62755e+16	9.96e-01	4.16e-03	1.11e-11	0.00e+00	0.00e+00	0.00e+00	0.00e+00	0.00e+00	0.00e+00	7.04e-01	2.19e-01	7.30e-02
 9.62767e+16	9.96e-01	4.03e-03	1.05e-11	0.00e+00	0.00e+00	0.00e+00	0.00e+00	0.00e+00	0.00e+00	7.04e-01	2.19e-01	7.27e-02
 9.62778e+16	9.96e-01	3.91e-03	1.00e-11	0.00e+00	0.00e+00	0.00e+00	0.00e+00	0.00e+00	0.00e+00	7.05e-01	2.19e-01	7.25e-02
 9.62788e+16	9.96e-01	3.80e-03	9.52e-12	0.00e+00	0.00e+00	0.00e+00	0.00e+00	0.00e+00	0.00e+00	7.05e-01	2.19e-01	7.23e-02
 9.62798e+16	9.96e-01	3.70e-03	9.08e-12	0.00e+00	0.00e+00	0.00e+00	0.00e+00	0.00e+00	0.00e+00	7.06e-01	2.19e-01	7.21e-02
 9.62809e+16	9.96e-01	3.59e-03	8.65e-12	0.00e+00	0.00e+00	0.00e+00	0.00e+00	0.00e+00	0.00e+00	7.07e-01	2.18e-01	7.17e-02
 9.62821e+16	9.97e-01	3.47e-03	8.19e-12	0.00e+00	0.00e+00	0.00e+00	0.00e+00	0.00e+00	0.00e+00	7.07e-01	2.18e-01	7.14e-02
 9.62832e+16	9.97e-01	3.37e-03	7.78e-12	0.00e+00	0.00e+00	0.00e+00	0.00e+00	0.00e+00	0.00e+00	7.08e-01	2.18e-01	7.12e-02
 9.62842e+16	9.97e-01	3.28e-03	7.42e-12	0.00e+00	0.00e+00	0.00e+00	0.00e+00	0.00e+00	0.00e+00	7.08e-01	2.17e-01	7.09e-02
 9.62853e+16	9.97e-01	3.17e-03	7.05e-12	0.00e+00	0.00e+00	0.00e+00	0.00e+00	0.00e+00	0.00e+00	7.09e-01	2.17e-01	7.06e-02
 9.62865e+16	9.97e-01	3.06e-03	6.67e-12	0.00e+00	0.00e+00	0.00e+00	0.00e+00	0.00e+00	0.00e+00	7.10e-01	2.16e-01	7.02e-02
 9.62876e+16	9.97e-01	2.98e-03	6.33e-12	0.00e+00	0.00e+00	0.00e+00	0.00e+00	0.00e+00	0.00e+00	7.10e-01	2.17e-01	7.00e-02
 9.62887e+16	9.97e-01	2.89e-03	6.05e-12	0.00e+00	0.00e+00	0.00e+00	0.00e+00	0.00e+00	0.00e+00	7.11e-01	2.16e-01	6.96e-02
 9.62900e+16	9.97e-01	2.78e-03	5.70e-12	0.00e+00	0.00e+00	0.00e+00	0.00e+00	0.00e+00	0.00e+00	7.13e-01	2.15e-01	6.91e-02
 9.62912e+16	9.97e-01	2.69e-03	5.37e-12	0.00e+00	0.00e+00	0.00e+00	0.00e+00	0.00e+00	0.00e+00	7.13e-01	2.15e-01	6.89e-02
 9.62925e+16	9.97e-01	2.59e-03	5.09e-12	0.00e+00	0.00e+00	0.00e+00	0.00e+00	0.00e+00	0.00e+00	7.15e-01	2.14e-01	6.84e-02
 9.62939e+16	9.98e-01	2.50e-03	4.78e-12	0.00e+00	0.00e+00	0.00e+00	0.00e+00	0.00e+00	0.00e+00	7.15e-01	2.14e-01	6.80e-02
 9.62951e+16	9.98e-01	2.41e-03	4.51e-12	0.00e+00	0.00e+00	0.00e+00	0.00e+00	0.00e+00	0.00e+00	7.16e-01	2.14e-01	6.76e-02
 9.62963e+16	9.98e-01	2.33e-03	4.28e-12	0.00e+00	0.00e+00	0.00e+00	0.00e+00	0.00e+00	0.00e+00	7.17e-01	2.13e-01	6.73e-02
 9.62975e+16	9.98e-01	2.25e-03	4.06e-12	0.00e+00	0.00e+00	0.00e+00	0.00e+00	0.00e+00	0.00e+00	7.18e-01	2.12e-01	6.68e-02
 9.62989e+16	9.98e-01	2.17e-03	3.83e-12	0.00e+00	0.00e+00	0.00e+00	0.00e+00	0.00e+00	0.00e+00	7.19e-01	2.12e-01	6.64e-02
 9.63001e+16	9.98e-01	2.09e-03	3.62e-12	0.00e+00	0.00e+00	0.00e+00	0.00e+00	0.00e+00	0.00e+00	7.20e-01	2.12e-01	6.60e-02
 9.63013e+16	9.98e-01	2.03e-03	3.45e-12	0.00e+00	0.00e+00	0.00e+00	0.00e+00	0.00e+00	0.00e+00	7.21e-01	2.11e-01	6.57e-02
 9.63025e+16	9.98e-01	1.96e-03	3.28e-12	0.00e+00	0.00e+00	0.00e+00	0.00e+00	0.00e+00	0.00e+00	7.22e-01	2.10e-01	6.52e-02
 9.63038e+16	9.98e-01	1.89e-03	3.10e-12	0.00e+00	0.00e+00	0.00e+00	0.00e+00	0.00e+00	0.00e+00	7.24e-01	2.10e-01	6.48e-02
 9.63050e+16	9.98e-01	1.83e-03	2.94e-12	0.00e+00	0.00e+00	0.00e+00	0.00e+00	0.00e+00	0.00e+00	7.24e-01	2.09e-01	6.44e-02
 9.63063e+16	9.98e-01	1.77e-03	2.80e-12	0.00e+00	0.00e+00	0.00e+00	0.00e+00	0.00e+00	0.00e+00	7.26e-01	2.09e-01	6.40e-02
 9.63081e+16	9.98e-01	1.68e-03	2.62e-12	0.00e+00	0.00e+00	0.00e+00	0.00e+00	0.00e+00	0.00e+00	7.28e-01	2.07e-01	6.32e-02
 9.63099e+16	9.98e-01	1.60e-03	2.43e-12	0.00e+00	0.00e+00	0.00e+00	0.00e+00	0.00e+00	0.00e+00	7.29e-01	2.06e-01	6.27e-02
 9.63116e+16	9.98e-01	1.53e-03	2.27e-12	0.00e+00	0.00e+00	0.00e+00	0.00e+00	0.00e+00	0.00e+00	7.31e-01	2.06e-01	6.21e-02
 9.63132e+16	9.99e-01	1.47e-03	2.13e-12	0.00e+00	0.00e+00	0.00e+00	0.00e+00	0.00e+00	0.00e+00	7.32e-01	2.05e-01	6.17e-02
 9.63146e+16	9.99e-01	1.42e-03	2.02e-12	0.00e+00	0.00e+00	0.00e+00	0.00e+00	0.00e+00	0.00e+00	7.33e-01	2.04e-01	6.12e-02
 9.63161e+16	9.99e-01	1.36e-03	1.91e-12	0.00e+00	0.00e+00	0.00e+00	0.00e+00	0.00e+00	0.00e+00	7.35e-01	2.03e-01	6.07e-02
 9.63178e+16	9.99e-01	1.30e-03	1.80e-12	0.00e+00	0.00e+00	0.00e+00	0.00e+00	0.00e+00	0.00e+00	7.36e-01	2.02e-01	6.02e-02
 9.63193e+16	9.99e-01	1.25e-03	1.70e-12	0.00e+00	0.00e+00	0.00e+00	0.00e+00	0.00e+00	0.00e+00	7.37e-01	2.02e-01	5.97e-02
 9.63209e+16	9.99e-01	1.20e-03	1.61e-12	0.00e+00	0.00e+00	0.00e+00	0.00e+00	0.00e+00	0.00e+00	7.39e-01	2.01e-01	5.91e-02
 9.63227e+16	9.99e-01	1.15e-03	1.51e-12	0.00e+00	0.00e+00	0.00e+00	0.00e+00	0.00e+00	0.00e+00	7.40e-01	2.00e-01	5.86e-02
 9.63243e+16	9.99e-01	1.10e-03	1.43e-12	0.00e+00	0.00e+00	0.00e+00	0.00e+00	0.00e+00	0.00e+00	7.42e-01	1.99e-01	5.81e-02
 9.63261e+16	9.99e-01	1.06e-03	1.35e-12	0.00e+00	0.00e+00	0.00e+00	0.00e+00	0.00e+00	0.00e+00	7.43e-01	1.98e-01	5.76e-02
 9.63284e+16	9.99e-01	1.00e-03	1.26e-12	0.00e+00	0.00e+00	0.00e+00	0.00e+00	0.00e+00	0.00e+00	7.46e-01	1.96e-01	5.67e-02
 9.63309e+16	9.99e-01	9.44e-04	1.16e-12	0.00e+00	0.00e+00	0.00e+00	0.00e+00	0.00e+00	0.00e+00	7.47e-01	1.96e-01	5.62e-02
 9.63335e+16	9.99e-01	8.92e-04	1.08e-12	0.00e+00	0.00e+00	0.00e+00	0.00e+00	0.00e+00	0.00e+00	7.50e-01	1.94e-01	5.54e-02
 9.63360e+16	9.99e-01	8.42e-04	1.00e-12	0.00e+00	0.00e+00	0.00e+00	0.00e+00	0.00e+00	0.00e+00	7.51e-01	1.93e-01	5.48e-02
 9.63383e+16	9.99e-01	8.00e-04	9.37e-13	0.00e+00	0.00e+00	0.00e+00	0.00e+00	0.00e+00	0.00e+00	7.53e-01	1.92e-01	5.43e-02
